step_time,onnut_action,virtual_action,reward_onnut,reward_virtual,total_travel_time_onnut,total_travel_time_virtual,teleport_number
54015.0,0,0,0,0,0.3919421278761913,0.0,0
54030.0,1,2,3,0,0.2643425072698662,0.0,0
54045.0,1,2,2,0,0.40675065131800286,0.10778037447034283,0
54060.0,1,2,0,0,0.3962208716850003,0.2093359811573423,0
54075.0,1,2,0,0,0.0454405472650931,0.34423098778722977,0
54090.0,1,2,2,4,0.09049979065165094,0.2363745305658218,0
54105.0,1,2,1,4,0.47863660970362787,0.23476818854125717,0
54120.0,0,2,14,5,0.5826068535133835,0.395103627174345,0
54135.0,1,2,1,4,0.5535656861607663,0.2518608579396092,0
54150.0,0,2,51,8,0.667740717863575,0.25729652300113204,0
54165.0,1,2,75,11,0.650721871163253,0.2976462144390262,0
54180.0,0,0,70,22,189.95596510707995,2.4450467427971545,0
54195.0,1,2,78,8,0.7551827976253278,0.2967575748815028,0
54210.0,0,2,87,10,0.7460571477547409,0.5133847181282074,0
54225.0,1,2,103,29,0.725074505892859,0.316355161294817,0
54240.0,1,2,97,22,64.19808538214536,346.60117757851657,0
54255.0,1,2,96,34,1.3011601320053447,0.31855738816383483,0
54270.0,0,2,98,34,0.6511248818038889,0.3210795693816513,0
54285.0,1,2,109,31,1.2317761056993546,0.34009172513767366,0
54300.0,0,2,84,21,0.8791501833830433,0.6882481983243048,0
54315.0,1,2,77,28,1.0519443041149306,0.7315662951632097,0
54330.0,0,2,75,28,0.6415148383814462,2.043266991171287,0
54345.0,1,0,95,27,1.21121887018636,0.5033742266617888,0
54360.0,0,0,57,26,175.8534033923577,96.07217423959305,0
54375.0,0,0,33,27,0.736628459964736,0.4054961746514873,0
54390.0,0,0,52,25,0.895530604276316,0.6927066683145815,0
54405.0,1,0,84,16,1.053150805740388,1.2084124864268753,0
54420.0,1,0,105,29,5.722761357717526,976.9895990622432,0
54435.0,1,0,107,16,25.991995407451245,922.784412614567,0
54450.0,0,0,77,19,0.7036034446871778,2.6232345108016935,0
54465.0,1,0,104,23,106.4953841327252,0.6230912691212357,0
54480.0,0,0,99,24,183.98425671188815,3.6233632688475748,0
54495.0,1,0,97,13,218.26799438516667,1.226919210120882,0
54510.0,0,0,67,12,149.26157437831927,0.3257414746133131,0
54525.0,1,0,87,19,33.64247797865985,0.33709198804691093,0
54540.0,0,0,69,22,325.99044642973826,128.86020355488492,0
54555.0,1,0,86,24,402.7379463285857,3.139467996634159,0
54570.0,1,0,87,24,400.6864520227294,542.6770912941711,0
54585.0,1,0,79,26,226.42241431753078,1.2638488080675245,0
54600.0,1,0,68,26,58.4000322337577,97.90845027516492,0
54615.0,1,1,51,35,1.1817499279126409,152.47200945834769,0
54630.0,1,0,70,26,2.094832868422096,1351.8192644212916,0
54645.0,1,0,67,10,44.69218147436204,1283.0954535419924,0
54660.0,1,0,81,4,1296.3610481445369,1406.4214683964476,0
54675.0,1,0,59,4,40.140388878535454,1428.373125265211,0
54690.0,1,0,76,33,81.95842742797515,886.1827733301934,0
54705.0,1,0,69,35,385.97536267984606,1275.1506128855267,0
54720.0,1,0,79,16,1552.1976568601972,1410.4534395617254,0
54735.0,0,0,84,16,512.5999041165071,1425.1780830040987,0
54750.0,1,0,92,17,47.312668597277636,1371.3760795565643,0
54765.0,1,0,90,13,119.9197027315262,1371.3725894198856,0
54780.0,0,0,67,21,7.0115826664768885,1425.1428492800474,0
54795.0,1,0,99,29,39.86531448252444,898.8937060680641,0
54810.0,0,0,70,33,350.8093227424561,866.2251285672268,0
54825.0,1,0,99,21,18.331508058350476,400.01506119855964,0
54840.0,0,0,69,19,123.59638862717759,13.608642062824456,0
54855.0,1,0,98,18,69.41461381664553,1.988271276498497,0
54870.0,0,0,75,21,299.9052493099466,655.1259734837606,0
54885.0,1,2,92,4,11.295832870953207,1756.8851242967985,0
54900.0,0,2,72,1,18.031852686186916,1865.9372225459629,0
54915.0,1,2,86,8,222.6073517356135,1825.787774798703,0
54930.0,0,2,88,8,21.257614946399638,1605.4623217197677,0
54945.0,1,2,89,12,4.68380373128446,1551.9670905634625,0
54960.0,0,2,63,16,165.34589836319955,1661.1688197976932,0
54975.0,1,2,93,19,160.5266971875941,1756.906062191396,0
54990.0,1,2,101,24,43.44965023021256,1605.4760438663716,0
55005.0,0,2,73,24,18.318342511822955,1605.4654539949559,0
55020.0,1,2,94,18,21.301053618264234,1662.8168406052755,0
55035.0,1,0,98,17,191.88535172004418,1662.9820702308027,0
55050.0,0,2,80,10,62.446955567787775,1662.7902312973624,0
55065.0,1,2,98,25,62.672160657682056,1526.521442342364,0
55080.0,1,2,99,18,68.84008459538941,1689.8073176750383,0
55095.0,1,2,94,19,29.33277160937782,1756.8920819498892,0
55110.0,1,2,70,30,30.02195611991686,1.649378200166159,0
55125.0,1,2,94,34,89.93470610313038,1.3541804220678124,0
55140.0,0,2,99,26,6.0397842828809996,1.2725404107095992,0
55155.0,1,2,110,27,5.181073221117401,0.44261242646776466,0
55170.0,0,2,79,38,3.4681709575494892,3.1265242337228036,0
55185.0,1,2,115,25,3.1443185679841896,1.6272263108131984,1
55200.0,1,0,120,24,58.7413502691875,120.8437875110629,0
55215.0,0,0,102,27,3.8123800481907173,0.5312956470521862,1
55230.0,1,0,108,28,14.178513984834986,93.63113525302768,0
55245.0,1,0,123,26,61.87266410591708,67.4184214450421,0
55260.0,0,0,88,24,24.747630915399768,81.15700093051399,0
55275.0,1,0,98,27,42.582036065390255,60.50680965918646,0
55290.0,0,0,92,25,26.509112160743893,70.71049079396703,0
55305.0,1,0,112,21,79.81618585547533,73.92156676376653,0
55320.0,0,0,89,25,221.24952643225194,72.21252636775927,0
55335.0,1,0,101,18,65.45385266702155,84.67235382831132,0
55350.0,0,0,88,22,199.34294024125407,0.6691886600423086,0
55365.0,1,0,99,13,255.3860698504886,0.37993710053507346,0
55380.0,1,0,69,16,328.4934731032966,1.1954383353762357,0
55395.0,0,0,89,4,247.47875888484666,0.29270498098928643,0
55410.0,1,0,110,11,233.30559212881758,0.317680575407366,0
55425.0,0,0,96,17,71.43089057992503,0.3069473181809181,0
55440.0,1,0,104,16,55.07003978054231,14.82416322596841,0
55455.0,0,0,61,19,187.9814847162659,1131.0181232782738,0
55470.0,1,0,105,22,6.111918597820698,1034.2840559565293,0
55485.0,0,0,106,17,22.864890904330615,711.8083240963123,0
55500.0,1,0,122,0,213.0698207587811,1253.6831277226302,0
55515.0,0,2,92,5,214.15561385462212,2104.6033311323995,0
55530.0,1,2,103,22,62.69720116427797,1870.7727380321821,0
55545.0,1,2,97,28,79.81819718829816,1726.854468221147,0
55560.0,1,2,96,23,151.90241314302116,1839.135953735598,0
55575.0,1,2,75,17,8.442101083263445,220.89774549629593,0
55590.0,1,2,90,25,86.40352524933793,225.4354879431516,0
55605.0,1,2,90,27,219.05077371187383,655.8138979551245,0
55620.0,1,2,100,18,752.9816536303367,735.2831708138006,0
55635.0,1,2,70,20,78.02783229278307,735.3161575131203,0
55650.0,1,2,93,26,10.287601079167189,693.2900708173252,0
55665.0,1,0,100,19,120.64755910011095,713.6587866269107,0
55680.0,1,0,92,16,578.427279361345,763.1864706982591,0
55695.0,0,0,65,20,95.37292839279152,808.7490620847294,0
55710.0,1,0,97,27,110.06641640206657,674.007388095535,0
55725.0,1,0,99,18,126.121676654423,655.8214011206677,0
55740.0,0,0,69,15,121.60267616560489,833.0348005782116,1
55755.0,1,0,97,15,12.774436464075885,735.4044340159709,0
55770.0,0,0,67,15,15.67372690416679,853.8562296834434,0
55785.0,1,0,87,15,6.53344472391191,783.5149392297424,0
55800.0,0,0,60,12,13.716934872692736,877.1180511923385,0
55815.0,1,0,81,14,29.25252001937253,102.08143192910397,0
55830.0,0,0,49,25,170.97324312020143,1.5688267377415936,0
55845.0,1,0,88,29,209.94714733877979,199.44065003945786,0
55860.0,0,0,68,31,59.64885898715672,580.9851054681877,0
55875.0,1,0,101,30,5.474897758787502,194.23036203781712,0
55890.0,1,0,112,27,17.404845781797597,2.9270714708204806,0
55905.0,1,0,117,28,725.8407304911575,0.8503466899330552,0
55920.0,1,0,87,26,291.07228904246693,136.45498691930038,0
55935.0,1,0,112,29,193.11539573463085,5.145411429784048,0
55950.0,1,0,112,24,41.21518869700253,253.30012710617686,0
55965.0,1,0,111,10,566.8245996782132,1.4553057592255263,0
55980.0,1,2,84,2,106.17402248794438,0.7376917318276098,0
55995.0,1,2,104,9,133.5212767304432,0.9655046918738489,0
56010.0,1,2,99,12,99.03141082889199,0.8255667214395385,0
56025.0,1,2,109,17,543.3052748839394,308.8353707200656,0
56040.0,1,2,85,4,161.5852404532787,321.929085477669,0
56055.0,1,2,109,5,100.06855090380364,362.16858897037224,0
56070.0,1,2,108,5,35.9771758986339,579.6556014542745,0
56085.0,1,2,111,6,540.1903097590293,1340.7826503981753,0
56100.0,0,2,67,0,128.30005874975063,1369.9891785404243,0
56115.0,1,2,92,6,13.630064607894159,772.0120966744269,0
56130.0,0,0,73,21,10.865968624148,1.0901524205588025,0
56145.0,1,0,100,11,9.370915973298237,1.2049949754206342,0
56160.0,0,0,92,8,43.43377434819754,401.01645467954984,0
56175.0,1,0,103,19,41.404971093324214,330.947889700816,0
56190.0,0,0,82,29,114.02273170394277,295.6970634010752,0
56205.0,1,0,99,38,204.5615199274327,271.7112427034563,0
56220.0,1,0,102,33,240.6200200625952,259.1931610118997,0
56235.0,0,0,83,36,7.012176087879107,1.6550879685316666,0
56250.0,1,0,93,40,18.655506520778513,1.5145738321439837,0
56265.0,1,0,87,34,107.43589115461042,1.5446777567532117,0
56280.0,1,0,80,19,737.0609138016256,1.7029863590345244,0
56295.0,1,0,67,19,191.31423273566082,60.344110941280434,0
56310.0,1,0,66,37,145.0086844017221,1.6180723912720227,0
56325.0,1,0,63,40,34.22874028116344,1.5349963286370232,0
56340.0,1,0,60,33,634.3140922439488,1.5840064679422536,0
56355.0,1,0,51,30,163.0503518263737,1.6672389524752473,0
56370.0,1,0,94,30,148.15920370383265,1.666873639173696,0
56385.0,1,0,103,30,83.79595448713211,45.5413598130403,0
56400.0,1,0,69,30,605.9101063507983,45.541359985318806,0
56415.0,0,0,68,27,59.0581409493646,45.54479560195277,0
56430.0,1,0,109,23,35.540543032381244,1.686230558744116,0
56445.0,1,2,101,20,194.59887808629205,1.3477156784978703,0
56460.0,1,2,97,16,734.725380986079,0.7013238950499853,0
56475.0,1,2,58,19,49.71476606522875,0.4383305985469918,0
56490.0,1,2,63,24,126.64188617161317,0.8998707720704563,0
56505.0,0,2,48,26,49.59712271001526,1.0078044671232622,0
56520.0,1,2,68,30,37.700069021763284,825.0163279901179,0
56535.0,0,2,42,19,13.1363377233147,1184.4354969610974,0
56550.0,1,2,67,18,11.864265458441752,1074.0035080132318,0
56565.0,0,2,65,15,9.286765130388419,996.3273116986983,0
56580.0,1,2,106,15,21.98130948725682,995.6744740645418,0
56595.0,0,0,98,15,155.01587662596006,1889.86608687305,0
56610.0,1,0,107,15,163.15272880770888,1915.402297491876,0
56625.0,0,0,67,17,26.102069067305333,143.7084307711568,0
56640.0,1,0,97,23,152.26810662740195,68.92497636307884,0
56655.0,1,0,99,26,180.80201210732108,67.62425099755629,0
56670.0,0,0,57,21,30.111862540168215,63.52075680774942,0
56685.0,1,0,81,26,118.29236013038384,60.97234583359111,0
56700.0,0,0,45,24,389.2165071238086,61.50873275835724,0
56715.0,1,0,78,24,60.73931438308961,67.40537548754739,0
56730.0,0,0,48,24,111.72785239706351,57.47460743363732,0
56745.0,1,0,84,20,150.44339908882043,6.2442696947459595,0
56760.0,0,2,37,17,506.0576142210753,926.7614751332408,0
56775.0,1,2,49,10,41.23327931032515,129.2360839375899,0
56790.0,1,2,54,21,1401.7470734002866,263.762251073925,0
56805.0,1,2,56,20,1490.1423338509205,1199.5457328326008,0
56820.0,1,2,56,3,998.44074243164,685.7593250350088,0
56835.0,1,2,64,5,565.1221500860355,681.7996022299048,0
56850.0,1,2,66,11,1366.9481447293265,649.6925424851878,0
56865.0,1,2,55,9,1379.4252039615178,600.3933097623435,0
56880.0,1,2,61,16,984.9948527500015,694.331474125171,0
56895.0,1,2,77,19,972.2853313431109,714.5517271856518,0
56910.0,1,0,89,26,2897.7814110695126,394.08873336862683,0
56925.0,1,0,115,27,2930.7509949460195,60.298127232287264,0
56940.0,0,0,85,15,2569.8473095588456,461.69202500255665,0
56955.0,1,0,92,19,2474.949073415745,74.15989604047881,0
56970.0,1,0,66,33,2437.9954460729004,1.4428993095451166,0
56985.0,1,0,41,29,2559.822248664751,1.3876814240877458,0
57000.0,0,0,97,25,2481.8828793445723,242.22791078882972,0
57015.0,1,0,99,31,2400.5590720552173,1.0881162645743487,0
57030.0,1,0,92,27,2384.131047653557,536.5614588271483,0
57045.0,1,0,53,16,279.9164426994121,767.0606575308243,0
57060.0,0,0,79,8,2507.843361661915,2143.0017363531724,0
57075.0,1,2,96,3,2534.2411971710676,2606.95336257294,0
57090.0,0,2,66,31,2619.1759170051096,2655.4755317479403,0
57105.0,1,2,78,31,327.2798275021365,312.0942786178781,0
57120.0,1,2,82,25,97.97213530711151,1234.3560968387615,0
57135.0,0,2,87,26,185.72688492075795,946.877725112796,0
57150.0,1,2,109,16,4.965197183479386,195.84123880715282,0
57165.0,1,2,103,37,60.23532582013771,130.27353124665123,0
57180.0,0,2,61,25,5.465732261248594,11.107790733984311,0
57195.0,1,2,80,29,24.838312983676637,11.011720093653983,0
57210.0,0,2,81,33,149.13744106145728,4.732752942617019,0
57225.0,1,0,101,35,84.75763236829356,3.4970093374675093,0
57240.0,1,0,91,29,24.762193824064603,68.36028277827852,0
57255.0,1,0,100,32,145.55788970207328,4.021208515511466,0
57270.0,0,0,106,31,215.28217233609945,8.453982268378839,0
57285.0,1,0,122,32,7.873450260020819,2.7385323759912072,0
57300.0,1,0,117,29,14.705018981358073,9.170999652910877,0
57315.0,1,0,99,30,99.93317115408954,2.046851182274349,0
57330.0,1,0,105,39,146.3023416616067,2.986076034909041,0
57345.0,1,0,106,30,4.37308423358737,21.274556617121362,0
57360.0,1,0,85,26,11.86356696787945,9.06587700776748,0
57375.0,1,0,78,16,19.353290840505426,6.040780037978347,0
57390.0,0,2,97,23,9.171307484384672,352.21954940337406,0
57405.0,1,2,119,24,82.33476220930532,13.17186426560182,0
57420.0,1,2,98,30,24.393411607768794,20.266454450373175,0
57435.0,1,2,94,32,8.558380530584701,7.92747113746088,0
57450.0,0,2,109,34,8.281013297761973,4.904620495484691,0
57465.0,1,2,104,29,7.033109299015518,0.8982386077512553,0
57480.0,0,2,93,24,18.164189968801583,53.003474640465775,0
57495.0,1,2,112,23,10.462457813399482,2.6307208713180037,0
57510.0,0,2,81,28,12.226385919676364,6.35754366090869,0
57525.0,1,2,118,26,12.084885096483179,4.879154977787016,0
57540.0,0,0,100,23,21.39083497281208,3.8549398501281966,0
57555.0,1,0,105,27,110.30380802450063,0.8990386831930128,0
57570.0,0,0,78,26,288.54421268343947,3.752662532761491,0
57585.0,1,0,106,24,357.62162682011865,4.282804187450152,0
57600.0,0,0,88,25,460.1437624303344,4.03793104988297,0
57615.0,1,0,87,28,411.64324285443183,2.838312548512267,0
57630.0,0,0,72,25,410.9318642990306,0.8993446683203274,0
57645.0,1,0,107,22,417.41418925033383,1.3803110662857248,0
57660.0,0,2,87,30,436.14510461136763,5.25769943252093,0
57675.0,1,2,90,27,429.9655152311906,59.95611245897402,0
57690.0,1,2,88,38,876.2367062770948,4.31765291773036,0
57705.0,1,2,85,37,881.7476455407709,3.2305191829221624,0
57720.0,0,2,78,26,402.08671736501924,72.69172396130293,0
57735.0,1,2,71,31,383.28163580216557,2.9973499195513176,0
57750.0,0,2,88,36,99.03548160968684,2.0511067913388157,0
57765.0,1,2,104,39,389.9731989830915,1.7953775311046904,0
57780.0,1,2,106,28,445.77771252894,5.907006095753116,0
57795.0,1,2,68,26,1331.4192546939883,3.068131788143964,0
57810.0,0,0,92,34,722.7015741941473,48.70459743639544,0
57825.0,1,0,111,35,816.7470075123148,14.620692917038568,0
57840.0,1,0,86,26,969.1838493353978,10.018735525996828,0
57855.0,1,0,49,31,1686.1596911770416,0.7167785674963721,0
57870.0,0,0,79,24,2951.1613422550677,12.29861819686466,0
57885.0,1,0,91,24,2215.4264786259687,4.716383225438055,0
57900.0,1,0,117,24,2195.8251173386175,5.6412612060119605,0
57915.0,1,0,83,27,435.3546282725401,7.82943576010897,0
57930.0,0,0,96,22,73.8467779390277,8.700544452049273,0
57945.0,1,0,109,26,752.6514395807822,4.122336592528027,0
57960.0,1,0,81,18,716.1951353123792,1.3940755532745297,0
57975.0,0,2,59,19,1130.7099965155926,1.3768174413334073,0
57990.0,1,2,105,22,3099.9094401689354,5.856320338341657,0
58005.0,0,2,77,20,2853.4366842213117,6.796531911141831,0
58020.0,1,2,89,12,2418.800245872088,18.47990099975766,0
58035.0,1,2,73,14,2414.791578182943,6.99473784263596,0
58050.0,0,2,91,22,291.5120819950711,11.526602149239272,0
58065.0,1,2,121,28,365.45377343858564,5.629341311588339,0
58080.0,1,2,116,26,2699.053093074327,77.26919419136108,0
58095.0,1,2,93,31,2777.7043065197895,1.1265044955377856,0
58110.0,0,2,98,26,142.095951293274,1.1428077598551372,0
58125.0,1,0,120,25,2110.5052979428874,0.9449979716437594,0
58140.0,1,0,123,27,637.3483770919771,0.8966785705787347,0
58155.0,1,0,77,29,870.9707876450038,0.6767257250591301,0
58170.0,0,0,105,30,376.65636816492673,1.0487065466858438,0
58185.0,1,0,124,26,2356.914961995611,19.208418261466708,0
58200.0,0,0,90,24,2381.953066758841,43.42289961790378,0
58215.0,1,0,69,24,795.2406180031243,11.564871453046187,0
58230.0,0,0,76,24,618.478783949394,9.932391493952743,0
58245.0,1,0,67,27,638.7061214657012,3.6185213488495496,0
58260.0,0,0,75,21,388.7326819891352,17.001428776205486,0
58275.0,1,0,72,25,781.2527393558254,13.083078892801668,0
58290.0,0,0,72,40,732.096336369405,9.57045152065392,0
58305.0,1,0,74,40,2535.5110739491965,7.922442675732511,0
58320.0,1,0,65,28,2639.4009286048217,75.21708286405857,0
58335.0,1,0,45,30,2411.9304286015017,1.1172309641792417,0
58350.0,1,0,76,32,2363.631201135151,2.542228616185152,0
58365.0,1,0,57,29,2560.2299359239664,7.706682423637367,0
58380.0,1,0,33,28,2308.058572099711,19.89596360688534,0
58395.0,1,0,35,29,2056.1155862343135,3.3714659036627137,0
58410.0,0,0,81,30,2100.779898161189,2.328513365435783,0
58425.0,1,0,116,13,1660.6290607831666,4.85880486793801,0
58440.0,1,0,105,11,1612.0924149281177,5.341072882554403,0
58455.0,1,2,98,16,1679.860007769561,1804.3559422450742,0
58470.0,0,2,109,15,1745.4245109195294,734.9117705216457,0
58485.0,1,2,100,14,1732.144913429228,35.676047801198315,0
58500.0,1,2,97,11,1693.6804637742512,22.528851855313277,0
58515.0,1,2,80,13,2035.7415481835878,1.801111761117259,0
58530.0,1,2,88,14,342.9956977128755,80.83434925169854,0
58545.0,1,2,108,23,765.1693682748521,361.17599078216733,0
58560.0,1,2,102,12,1765.3468096281913,234.1090102037214,0
58575.0,1,2,98,9,324.01753147622236,10.300860861391982,0
58590.0,0,2,88,25,111.23301669927979,32.36861379552368,0
58605.0,1,2,89,34,332.8126874076371,9.271586872052154,0
58620.0,1,2,87,27,110.0775533441802,7.163687339251375,0
58635.0,1,2,60,30,16.71416203462577,0.8817457567394887,0
58650.0,0,2,89,33,7.989268666901177,3.8574051244269802,0
58665.0,1,2,115,33,11.403093157086769,31.61574968303538,0
58680.0,1,0,116,24,173.5492041787831,69.01759661882005,0
58695.0,1,0,78,29,446.443252475636,4.166652240892288,0
58710.0,0,0,83,26,3.767680622997063,1.4620248659638655,0
58725.0,1,0,102,24,7.55742316412768,1.3106690887968977,0
58740.0,0,0,108,24,3.9462528045310283,3.447346252753356,0
58755.0,1,0,123,25,12.571758764635304,3.3999833176862984,0
58770.0,1,0,95,28,245.8751525337844,4.22157020707646,0
58785.0,0,0,95,24,293.9614041946065,2.4775841708303923,0
58800.0,1,0,80,24,790.1534579199257,2.937304151962569,0
58815.0,1,0,46,20,96.09579351787173,4.7776211052148145,0
58830.0,0,0,91,31,78.73530712381762,111.75449798580163,0
58845.0,1,0,113,30,36.128712480818166,4.9277759767676885,0
58860.0,1,0,97,29,610.6070300877748,3.7673955108308066,0
58875.0,1,0,96,30,330.30480238955454,1.0190240902952308,0
58890.0,0,0,102,30,14.484848560556962,5.6034927190278285,0
58905.0,1,0,119,24,105.68865036394692,4.152959906756672,0
58920.0,1,0,111,22,89.07057086159945,3.9509464707781627,0
58935.0,1,0,97,25,3412.5586243940597,3.2848727844384946,0
58950.0,1,0,99,24,2915.3157903001465,2.655521794088585,0
58965.0,1,0,82,24,3042.50003566618,2.581209391938244,0
58980.0,1,0,58,30,3235.180149524328,2.4475669752400058,0
58995.0,1,0,27,32,3273.1812193213677,2.4286076148751565,0
59010.0,1,0,67,35,3228.8027999285337,2.356220989553567,0
59025.0,1,2,91,20,2894.385070998502,2.631167034577731,0
59040.0,1,2,82,10,2750.1228047252494,2.993383359125962,0
59055.0,1,2,86,13,2788.2427815468,5.546205572824861,0
59070.0,0,2,106,29,2952.4514007386497,9.250304938996742,0
59085.0,1,2,119,28,2477.0183110701255,4.209787634618487,0
59100.0,1,2,113,26,2353.6716641795224,1.490286965993096,0
59115.0,1,2,100,27,94.69949596873168,0.9309553110368274,0
59130.0,0,2,82,36,33.43530072192288,2.9512076560878038,0
59145.0,1,2,107,32,350.07245292754845,8.374845867037152,0
59160.0,0,2,82,25,2198.34878512947,8.647829541167242,0
59175.0,1,0,97,29,2263.7121920511718,4.993029886134922,0
59190.0,0,0,99,31,2288.052770846076,1.5702389724251915,0
59205.0,1,0,91,22,251.4387240291278,43.300651637102476,0
59220.0,1,0,81,23,38.037878193737896,123.38823644688954,0
59235.0,1,0,64,26,1256.8924433488623,110.66125098036359,0
59250.0,0,0,84,22,2660.477650094097,128.5319270454565,0
59265.0,1,0,93,24,2334.3196706899944,123.77672253153364,1
59280.0,1,0,87,27,1180.7695154555981,112.02305206745255,0
59295.0,1,0,36,25,88.14205909716998,125.49867688157306,0
59310.0,1,0,76,23,52.136112180948416,125.04465055299396,0
59325.0,1,0,106,16,317.1756740290511,147.15968044930764,0
59340.0,1,2,82,21,155.50897804126913,70.46984246115687,0
59355.0,1,2,97,34,100.94122377947588,5.492858299758387,0
59370.0,0,2,114,33,307.5610853496208,3.659193663723777,0
59385.0,1,2,127,35,393.8558322090286,2.9340480154404815,0
59400.0,1,2,104,27,124.33853839536751,2.169031182814367,0
59415.0,1,2,97,30,669.1553495975265,1.6990725469258263,0
59430.0,0,2,112,33,8.820077839704549,1.9180318766806195,0
59445.0,1,2,105,31,55.756646414949294,1.7449283985591075,0
59460.0,1,2,102,22,495.67081256328726,76.18418287191076,0
59475.0,1,2,46,29,521.811506854816,1.3370031246119916,0
59490.0,0,0,98,29,105.92916320305714,1.2596444002239013,0
59505.0,1,0,115,26,721.6618156303261,1.0488187076085753,0
59520.0,1,0,91,27,69.6405156817334,2.2493660299352682,0
59535.0,1,0,45,25,775.6501330560494,35.009252254193065,0
59550.0,0,0,97,27,685.1091611042632,17.192130398051567,0
59565.0,1,0,105,22,44.85010544477266,9.84290120923351,0
59580.0,1,0,95,28,313.3216732349562,3.7723297791666237,0
59595.0,1,0,48,27,360.6136741425905,0.765701563125635,0
59610.0,0,0,87,25,352.6748623966675,1.3896003011952514,0
59625.0,1,0,109,23,356.08791819712707,11.246770421924039,1
59640.0,1,0,99,18,390.0471248490893,6.648746422996682,0
59655.0,1,2,48,21,726.6133079236567,5.070153386288263,0
59670.0,1,2,69,35,381.53323675234117,111.69122793653406,0
59685.0,1,2,91,31,2132.144151907024,6.242371931581579,0
59700.0,1,2,90,27,2122.681656454999,4.720450554580211,0
59715.0,1,2,84,32,783.260674905398,5.183054638914475,0
59730.0,0,2,75,37,2510.1243852009698,3.7383370305732235,0
59745.0,1,2,83,35,2126.4608289700604,14.495366777776868,0
59760.0,1,2,76,27,2134.2027068558573,62.78251269966863,0
59775.0,1,2,68,29,2414.226578504181,11.913701651738014,0
59790.0,0,2,86,35,363.83016582664106,6.067595491952944,0
59805.0,1,0,91,35,227.48973167374567,3.9613744207796184,0
59820.0,0,0,104,25,2166.8652153464213,201.28031044602756,0
59835.0,1,0,89,32,2195.709888994,4.664741567356404,0
59850.0,0,0,92,34,2252.8446999918506,4.826202902284246,0
59865.0,1,0,77,26,1026.7326560834983,5.094741444617131,0
59880.0,0,0,74,25,191.0132587037082,94.40680888950932,0
59895.0,1,0,75,25,24.514470893036915,103.61689006180836,0
59910.0,0,0,86,25,57.935758528298415,651.8847060243397,0
59925.0,1,0,108,25,30.40129026506675,1188.1790545682875,0
59940.0,1,0,121,20,373.1279299896433,141.16340213856716,0
59955.0,1,0,33,15,756.7688022861096,2.545518611266238,0
59970.0,0,2,97,21,415.4916184238498,0.6827530725333572,0
59985.0,1,2,111,20,397.6219142061781,0.7194897636349337,0
60000.0,1,2,109,6,379.1030075729122,9.72779942677255,0
60015.0,1,2,98,17,112.97086582867854,14.731864659892233,0
60030.0,0,2,112,11,8.635205546994639,0.7168013607578685,0
60045.0,1,2,109,11,12.702210581727254,2.145299189763653,0
60060.0,0,2,107,18,88.34695184047132,138.86338853042832,2
60075.0,1,2,102,26,1132.0299073934916,0.5653186152637388,0
60090.0,1,2,66,25,1159.6611953042911,0.532463993481339,1
60105.0,0,2,86,24,826.5722240451923,1.1789368075698015,0
60120.0,1,0,109,24,69.87446721248135,15.235593697551291,0
60135.0,1,0,101,23,2267.8632711823498,114.70506690595255,0
60150.0,0,0,84,23,351.4438248703908,122.65187326919536,0
60165.0,1,0,106,22,378.12459704366034,118.93279021790302,0
60180.0,0,0,92,20,346.3964878673056,268.8054178230142,0
60195.0,1,0,82,23,378.43992874606454,101.1505413134844,0
60210.0,1,0,81,24,459.99112192657026,109.42513789600443,0
60225.0,1,0,39,15,915.5923886117391,106.47046838829776,1
60240.0,1,0,52,27,364.6686517743421,90.38253477120945,0
60255.0,1,0,88,27,383.1587480480943,984.8730659776737,0
60270.0,1,0,70,6,2432.8881622966965,1150.9431194547444,0
60285.0,1,2,30,3,3590.522357993055,1129.3191505066645,0
60300.0,1,2,44,8,2762.898863917945,2698.245896554456,0
60315.0,1,2,66,1,2420.6447128307686,2588.476471855876,0
60330.0,1,2,66,12,2146.2760351528323,2507.2710805905026,0
60345.0,1,2,65,24,2983.5504357780933,2465.238859940436,0
60360.0,1,2,51,20,2723.1538448662104,2590.740472171799,0
60375.0,1,2,79,17,2523.631159978364,2581.2127130867193,0
60390.0,1,2,84,29,2234.8822173627946,1865.4951026139856,0
60405.0,1,2,79,30,2985.6139998089166,240.65727874824947,0
60420.0,1,2,55,26,2480.5873473689653,109.89113538384987,0
60435.0,1,0,80,25,2454.9632441291496,1.277040053081803,0
60450.0,1,0,86,22,2231.7841702560586,15.653362372791605,0
60465.0,1,0,79,26,2964.6548791486457,10.346698911640715,0
60480.0,1,0,69,15,2305.198455083151,517.5116215890952,0
60495.0,1,0,114,18,2579.1674265878805,565.656876553604,0
60510.0,0,0,99,20,2543.2150745865133,1025.8326191616657,0
60525.0,1,0,115,15,2633.0393260193187,2012.962091454044,0
60540.0,0,0,71,15,2827.1967965350914,2044.9433572472235,0
60555.0,1,0,90,15,3005.652491254878,2104.672933417381,0
60570.0,1,0,63,21,3236.9252446375667,121.04644293421416,0
60585.0,1,0,51,35,3508.3872535735254,63.82403554820797,0
60600.0,1,0,47,27,3005.3238939978983,1443.0793720585225,0
60615.0,1,0,65,25,3155.0432344907335,1072.5666153566247,0
60630.0,1,0,34,24,3250.8305689943345,1034.411428995702,0
60645.0,1,0,9,25,3288.753252907722,974.2244829238404,0
60660.0,1,0,51,20,2844.1093941479207,1052.2648534958946,0
60675.0,1,0,67,18,2884.4113237589186,1060.6785708991142,0
60690.0,1,0,70,31,2972.9646878304807,965.3156135883971,0
60705.0,1,0,70,37,3039.431409749912,1.8163543333936953,0
60720.0,1,0,58,20,2961.813097826436,1.2366994608297892,0
60735.0,1,0,84,7,2479.435160923833,1.0816528637244307,0
60750.0,0,0,83,32,2466.590689109711,1.0461012512235264,0
60765.0,1,0,74,30,2456.2594063336755,0.6967495811875304,0
60780.0,1,0,86,28,2483.5451722411035,0.4972322789750874,0
60795.0,1,0,103,31,2697.9454415931805,0.7384156438433359,0
60810.0,0,0,87,39,167.1435980393482,3.621798515000766,0
60825.0,1,0,81,26,23.206701036978867,2.6698334878837895,0
60840.0,1,0,78,25,95.6986334876611,92.9706396564456,0
60855.0,1,0,82,28,11.021727389117203,0.40395733409454243,0
60870.0,0,0,78,25,20.324835360262995,5.919147059737968,0
60885.0,1,0,94,15,203.6655609579709,7.627382650879845,0
60900.0,0,2,72,14,1868.7856479331072,243.6030570559195,0
60915.0,1,2,75,16,37.39810169141233,10.857521842774062,0
60930.0,1,2,89,17,106.2698305865504,2.283675763630112,0
60945.0,1,2,70,17,138.2264831044028,74.40643242844239,0
60960.0,1,2,51,13,23.176076517393714,137.12564198808036,0
60975.0,1,2,75,19,12.091659078636704,0.5045125776797894,0
60990.0,0,2,91,26,5.146663781951035,0.3411743811828958,0
61005.0,1,2,84,28,12.52966321755971,0.31321654977370833,0
61020.0,0,2,79,22,153.29380798338624,1.7430063361787227,1
61035.0,1,2,104,22,86.50947562099113,0.5379469455720843,0
61050.0,1,0,100,42,2.664532691132011,337.29231518946926,0
61065.0,0,0,80,33,87.39825630456019,566.7807625773429,0
61080.0,1,0,102,18,91.44177371653178,615.2032468081939,0
61095.0,1,0,98,19,29.3124925788185,555.5335847231489,1
61110.0,0,0,65,24,4.6532474189039,1024.815372489147,0
61125.0,1,0,95,21,13.77673820147661,1750.560537726558,0
61140.0,1,0,100,22,152.34223664822636,1877.7847288352723,0
61155.0,1,0,90,31,117.11134193963159,1336.3352552351862,0
61170.0,1,0,72,39,25.58145197053302,1326.2351979541886,0
61185.0,1,0,97,35,90.19729723719874,5.081708087028317,0
61200.0,1,0,101,16,27.39398348148231,602.1620933764613,0
61215.0,1,2,92,17,51.373442982576506,1670.3763054231115,0
61230.0,0,2,77,13,44.691265371699565,1712.9000723304698,0
61245.0,1,2,104,27,28.12923695960785,1491.3346343903045,0
61260.0,0,2,84,25,72.19692426973316,1570.947745122768,0
61275.0,1,2,111,23,15.980677439685547,222.6442736980382,0
61290.0,0,2,94,27,9.783363218740723,0.8510241784666106,0
61305.0,1,2,110,35,19.67899160854533,22.30730386924208,0
61320.0,0,2,56,30,34.97617133868601,80.46860486465519,0
61335.0,1,2,86,19,68.91154773796315,46.375087628085076,0
61350.0,0,2,56,35,19.013843503390852,4.6938383111958,0
61365.0,1,0,79,28,447.3236792598692,46.19891525505055,0
61380.0,1,0,79,17,359.19709476489135,111.55738866883779,0
61395.0,1,0,82,29,16.08064738801576,13.501716611682017,0
61410.0,0,0,81,27,44.16685321896045,278.24945213876055,0
61425.0,1,0,98,21,127.53122862202308,2.82658429353634,0
61440.0,1,0,104,15,247.23795742824208,56.73836557768656,0
61455.0,0,0,78,15,587.324643535802,0.9836315001471706,0
61470.0,1,0,96,15,530.1739531006222,1.0263532752554896,0
61485.0,1,0,90,17,2257.182917081985,2.189232956750722,0
61500.0,1,0,61,15,2546.53774140699,88.40008068025604,0
61515.0,1,0,60,21,2026.517528687402,1675.9646973001204,0
61530.0,1,0,88,20,2001.2121689791966,2645.200846129617,0
61545.0,1,2,92,8,2279.3121150877187,3041.7982114414926,0
61560.0,1,2,45,8,2314.474812389176,3199.719735191708,0
61575.0,1,2,55,6,1846.4102826738056,3183.9003750539837,0
61590.0,1,2,108,7,1550.2412785749987,3154.4248009211346,0
61605.0,0,2,90,10,1518.3201861580942,3154.410856201054,0
61620.0,1,2,58,20,1655.7471995391415,3183.9081234862306,0
61635.0,1,2,63,19,1656.8802787600462,3307.5336880736163,0
61650.0,0,2,75,28,99.69432346032173,2761.093549100813,0
61665.0,1,2,70,30,80.12118354942147,142.12683054910894,0
61680.0,1,2,70,25,46.18747351912077,196.10244647239054,0
61695.0,1,0,66,31,5.08873934930192,57.807439997915296,0
61710.0,0,2,66,22,4.35123768894465,6.231499796066622,0
61725.0,1,2,85,20,4.124646626117356,23.500403290519202,0
61740.0,0,2,95,9,26.11817667196546,82.6062656372705,1
61755.0,1,2,97,13,91.21362887480106,9.244529577134303,0
61770.0,1,2,114,19,4.595037729862113,5.935485262171092,0
61785.0,0,2,93,10,2.322441967148161,1.6461258136390977,0
61800.0,1,2,108,22,4.431198371875231,12.856337431992712,0
61815.0,0,2,89,30,229.51312801374394,23.42327156457993,0
61830.0,1,2,105,31,234.94543932053134,12.935465632900286,0
61845.0,0,2,83,28,21.075117193366474,10.76647638708093,0
61860.0,1,0,92,28,19.692892485257047,53.763481169586996,0
61875.0,0,0,80,29,115.46699685691512,1.0380450664549157,0
61890.0,1,0,96,33,46.54059330315453,1.7776739967281148,0
61905.0,1,0,107,32,196.27039584791063,2.122897151092174,0
61920.0,1,0,105,26,831.6403329351134,3.053148818249005,0
61935.0,1,0,83,30,801.0275397338299,2.198974750645171,0
61950.0,1,0,101,28,636.9720057737006,1.5791766115674366,0
61965.0,1,0,97,31,671.5727133872185,2.636925524913851,0
61980.0,1,0,96,25,1027.1642716091683,56.471191843060005,0
61995.0,1,0,95,29,2848.4335150461116,10.767284255737898,0
62010.0,1,0,121,23,173.83409644855328,11.480288917271274,0
62025.0,0,2,77,15,2260.2890662153736,2.4218565201548907,0
62040.0,1,2,76,13,368.64224303195493,2.9197050916169034,0
62055.0,0,2,79,15,79.31581939428139,0.812809831465387,0
62070.0,1,2,117,22,15.4548523759479,0.8519354368060268,0
62085.0,0,2,117,16,5.1346641808743465,2.2626354431841635,0
62100.0,1,2,115,9,87.1786134333961,82.79936003358206,0
62115.0,0,2,104,16,165.36645388003183,59.0971422661756,0
62130.0,1,2,121,21,2.5328135913024648,7.8857702718604985,0
62145.0,0,2,101,39,3.1977994546566224,5.138348555197689,0
62160.0,1,2,125,27,13.813056941542847,63.53451463343776,0
62175.0,0,0,95,32,2.744319528571254,0.7825481441559957,0
62190.0,0,0,96,29,2.6745278197449203,0.7274953919648188,0
62205.0,1,2,119,20,2.1507544581183913,26.877581779170505,0
62220.0,0,2,90,11,12.015154229690356,17.30629018509557,0
62235.0,1,2,124,16,64.9374094766572,43.453301991024524,0
62250.0,0,2,109,18,300.6870376964794,46.76830021723966,0
62265.0,1,2,129,19,105.47643371149735,9.385635322064095,0
62280.0,0,2,103,24,34.386976922480464,70.90292441909475,0
62295.0,1,2,116,25,5.277766554333817,5.143145306332942,0
62310.0,0,2,103,32,4.2316643790386985,9.60595282408288,0
62325.0,1,2,111,34,22.713253321644157,58.095832626803585,0
62340.0,0,2,94,22,243.51446604819446,19.144826858186928,0
62355.0,1,0,113,26,291.3579692554818,26.5409266187061,0
62370.0,0,0,101,23,374.9746841093257,98.12360067417296,0
62385.0,1,0,113,26,108.42637194875849,24.311218062190054,0
62400.0,0,0,109,21,147.9525799756482,273.32763634681424,0
62415.0,1,0,102,23,19.020770865989903,94.02868237906863,0
62430.0,0,0,102,27,21.820986499567212,98.92371696174081,0
62445.0,1,0,105,26,19.865432235408583,100.07600380885528,0
62460.0,0,0,92,23,53.7385611949442,96.1971999460489,0
62475.0,1,0,101,24,36.101043198889045,96.45395928751724,0
62490.0,0,0,98,26,86.99781984714784,115.21881522456734,0
62505.0,1,0,105,33,947.5357321101502,25.23171407757742,0
62520.0,1,0,107,27,1309.7568824843697,71.84910822883906,0
62535.0,1,0,84,31,1382.7278473126064,17.238972526302092,0
62550.0,0,0,93,28,3019.4846940737993,1.9857880654860953,0
62565.0,1,0,114,34,2416.5164902244005,8.326622306297878,0
62580.0,1,0,115,27,2096.403121396512,52.72680941888121,0
62595.0,1,0,92,27,2924.847549301707,2.1347060713893313,0
62610.0,1,0,90,22,2651.963023236444,1.4186518733802234,0
62625.0,1,0,98,23,2682.064253755452,79.48960141597743,0
62640.0,1,0,72,23,2695.8563489164185,72.92294130234201,0
62655.0,1,0,69,23,2796.4280487007586,192.94759145248233,0
62670.0,1,0,83,21,3092.8631818334857,27.923071588289787,0
62685.0,1,0,82,15,2191.068902943388,23.482957478036507,0
62700.0,1,0,78,14,2194.914868679843,1.773543255750404,0
62715.0,1,0,91,14,2147.7350713132028,0.8760169464574615,0
62730.0,1,2,112,26,2489.172718535801,2.5798507739456134,0
62745.0,1,2,128,28,2224.707520630694,25.233329496314095,0
62760.0,1,2,99,23,2524.250907621012,5.256630561266896,0
62775.0,1,2,68,24,2491.02353022389,4.204053757755499,0
62790.0,0,2,90,25,2466.379984149351,6.611979921825843,0
62805.0,1,2,114,24,2210.098212758569,37.14984465598448,0
62820.0,1,2,70,21,2205.535521558148,31.0718138094422,0
62835.0,1,2,45,25,2256.38278668586,31.93783212205339,0
62850.0,0,2,75,27,57.75774386563728,32.84366040337574,0
62865.0,1,2,102,23,98.38157297329138,33.23458880112198,0
62880.0,0,0,68,26,84.22263875912411,39.532794966807316,0
62895.0,1,0,89,22,283.5220426071317,31.55662736301188,0
62910.0,0,0,85,28,542.2288846593905,33.7342001601616,0
62925.0,0,0,86,26,552.6841643145455,34.24077307531015,0
62940.0,1,0,94,28,607.485020815753,33.801309275113404,0
62955.0,1,0,59,26,799.971225394726,34.351399662243054,0
62970.0,0,0,75,26,639.3567889829528,195.8015360073633,0
62985.0,1,0,85,24,667.1640439858463,139.73358698206746,0
63000.0,1,0,54,22,727.5967490751901,36.68042584022265,0
63015.0,1,0,18,25,829.5837531491767,43.1443787596255,0
63030.0,1,0,44,18,2243.021673557805,3.831866256719485,0
63045.0,1,2,59,20,2269.819076625418,10.581799884946458,0
63060.0,1,2,73,11,2229.547537279529,4.401154195763372,0
63075.0,1,2,67,11,2239.685651011868,1.1925005150933299,0
63090.0,1,2,79,20,2057.4524070523894,4.165971364082617,0
63105.0,1,2,69,15,2018.3653422620816,19.528697096834982,0
63120.0,1,2,73,27,1970.3017261090959,65.35382681787509,0
63135.0,1,2,79,27,1925.6675273112635,0.5565913742347541,0
63150.0,0,2,105,36,1876.2029824707918,0.5015675380113648,0
63165.0,1,2,114,36,1773.757219910757,0.9217244409631951,0
63180.0,1,2,115,28,1810.278898661185,80.56403441348478,1
63195.0,1,0,90,27,471.22632812864765,1.2403112697677212,0
63210.0,0,0,78,34,52.83315421964993,1.0558782033725018,0
63225.0,1,0,85,38,38.45467405854195,0.4097882496778655,0
63240.0,1,0,74,25,57.00722031433805,6.479274724329189,0
63255.0,1,0,74,30,214.87185295265715,2.4799087995178812,0
63270.0,0,0,88,30,123.90571683762151,0.5835383705531051,0
63285.0,1,0,98,21,70.27063202875595,0.46051960089661614,0
63300.0,1,0,79,19,18.823077279541355,96.17224049002871,1
63315.0,1,0,64,31,18.28565644955651,123.03739916726774,1
63330.0,0,0,71,30,33.016818767055874,126.693147400181,0
63345.0,1,0,81,19,19.2040137683299,185.74844117907148,0
63360.0,1,2,109,19,65.75803438601584,1655.6436404896979,0
63375.0,1,2,120,25,52.612420100665645,4.6524199323766275,1
63390.0,1,2,98,33,5.705098807104548,0.5148156430518244,0
63405.0,1,2,118,31,5.700310941074507,0.5917482494660012,0
63420.0,1,2,117,25,48.39303178004485,0.8826645086865069,0
63435.0,1,2,86,16,734.4011777996687,0.5141177820025524,0
63450.0,1,2,81,16,27.33742791782524,0.37668786542205723,0
63465.0,1,2,114,16,743.3562397591276,0.4318184891286065,0
63480.0,1,2,82,24,1180.1727370623432,0.7220304000415401,0
63495.0,0,2,74,22,743.4935690066607,1.8326848150669477,0
63510.0,1,0,97,16,848.1523267696359,408.78045042806207,0
63525.0,1,0,59,15,993.1724307004486,378.71236350898374,0
63540.0,1,0,33,15,3516.6066898644,1188.1574617203632,0
63555.0,1,0,40,15,3215.211276614825,1564.975280861252,0
63570.0,1,0,57,15,2614.626842824902,1564.975280861252,0
63585.0,1,0,37,15,3174.871241877339,1564.9752772099423,0
63600.0,1,0,47,15,3506.4507276127497,1564.975280861252,0
63615.0,1,0,33,15,3200.8150410258854,1564.975280861252,0
63630.0,1,0,57,15,3202.925960832763,1564.975280861252,0
63645.0,1,0,27,12,3214.2534470923047,1641.3036271467001,0
63660.0,1,0,18,8,3337.697315753619,1682.3143439473695,0
63675.0,1,2,31,3,3205.3743386323576,1602.2019203127043,0
63690.0,1,2,60,12,3246.2182816685854,1602.2125013624748,0
63705.0,1,2,45,12,3185.368113552604,1431.7908369345237,0
63720.0,1,2,69,4,3148.309666898394,1655.9755858135209,0
63735.0,1,2,54,4,3222.7208273030246,1725.430818242771,0
63750.0,1,2,68,11,3279.1588025495425,1495.4446607871735,0
63765.0,1,2,66,8,3290.6669820010793,1529.4280891783017,0
63780.0,0,2,45,0,3211.5724075116314,1725.4710402100532,0
63795.0,1,2,64,3,3235.904391867904,1818.6845632448837,0
63810.0,0,2,52,8,3244.9157592773627,1602.2187136118596,0
63825.0,1,0,98,13,3341.656612686917,1000.1084907318949,0
63840.0,0,0,63,13,3312.836027698484,393.3259100037168,0
63855.0,1,0,80,14,2743.666846956576,36.018216993810846,0
63870.0,1,0,86,14,2734.627445835954,321.441102698409,0
63885.0,0,0,79,23,2809.4162370166177,1770.6708919506032,0
63900.0,1,0,99,19,2841.4417234720067,2042.7811833367255,0
63915.0,1,0,98,19,2950.629106772649,1984.1817959868142,0
63930.0,1,0,62,23,543.6769169241411,2197.83042792543,0
63945.0,0,0,69,17,17.37825732586747,576.644304690624,0
63960.0,1,0,93,23,170.22666243288432,786.0996928004143,0
63975.0,1,0,94,36,61.55302486972348,84.59874893372378,0
63990.0,1,0,77,31,96.05786576326459,632.2749802817694,0
64005.0,1,0,53,15,210.7887732440359,812.423247954867,0
64020.0,1,0,62,15,26.257460215837426,897.7735099086809,0
64035.0,1,0,67,15,1662.085473630444,922.0300429391151,0
64050.0,1,0,67,15,652.809029361634,897.7735099086809,0
64065.0,1,0,53,15,18.31474138425182,922.030043001965,0
64080.0,1,0,92,15,88.48186002402332,897.7735099086809,0
64095.0,0,0,85,15,9.055070097384824,922.0320149367874,0
64110.0,1,0,89,25,39.535436971840525,293.85503900975004,0
64125.0,0,0,73,7,68.64299138177162,2.161873827560707,0
64140.0,1,2,91,16,120.45645057286228,80.36702578257218,0
64155.0,1,2,66,11,263.18058983567084,1.453115898984708,0
64170.0,0,2,68,31,197.9781393954927,0.6665743403716206,0
64185.0,1,2,107,28,21.380441200917385,0.4635690037146424,0
64200.0,1,2,104,22,4.422783928706312,0.7243521142143624,0
64215.0,1,2,94,18,13.392269178618474,78.9413913575068,0
64230.0,1,2,69,24,6.794165217025044,451.73642734775717,0
64245.0,1,2,97,22,192.37575547660063,415.0716924440785,0
64260.0,0,2,89,18,56.8265562328486,505.37450363546554,0
64275.0,1,2,96,18,76.73188511799417,348.6319930052385,0
64290.0,1,0,74,24,74.58935823486686,2.612356450616633,0
64305.0,0,0,92,23,190.7296615232938,133.96333579231245,0
64320.0,1,0,115,15,16.737625446056228,480.548330229087,0
64335.0,1,0,111,15,43.97205898622458,505.1016266094975,0
64350.0,1,0,115,23,856.9655899558968,59.930867852711415,0
64365.0,0,0,83,27,13.2800142725382,0.8965573615616296,0
64380.0,1,0,104,24,19.278888414151375,11.053626406484788,0
64395.0,1,0,107,24,65.55630720250115,2.0198921648007233,0
64410.0,0,0,84,24,30.12241265823498,62.98631419859825,0
64425.0,1,0,109,25,211.66770819174147,63.8483241539662,0
64440.0,1,0,65,23,285.94019408561036,2.1176435165657383,0
64455.0,1,2,61,20,289.49191614462336,5.5723769608522975,0
64470.0,0,2,82,20,221.22356322545835,422.29463445113265,0
64485.0,1,2,104,18,80.56857162005068,49.13040841004854,0
64500.0,1,2,100,19,21.07800361069246,68.76771361988006,0
64515.0,1,2,99,27,31.595032193933218,5.331055718442269,0
64530.0,0,2,91,31,15.85302753118051,17.468157080019818,0
64545.0,1,2,105,27,5.750062737905935,23.585710992112507,0
64560.0,1,2,110,21,47.668684224020055,248.92033476641643,0
64575.0,1,2,108,27,553.4210803154623,100.01099281054937,0
64590.0,0,2,96,26,117.47627163590461,91.35204008925794,0
64605.0,1,0,85,25,71.63500468816588,436.781857245258,0
64620.0,1,0,51,25,132.71783072771942,76.41509866746868,0
64635.0,0,0,41,24,181.96992103354597,77.33888530727832,0
64650.0,1,0,76,26,278.66939819729845,77.9288694812298,0
64665.0,0,0,69,23,274.69690994746475,80.29656976967624,0
64680.0,1,0,97,21,278.31417065197246,76.03832443519258,0
64695.0,1,0,78,26,320.6855771464215,82.31856162932854,0
64710.0,0,0,85,26,269.57753234234724,76.31497756482658,0
64725.0,1,0,87,24,255.8471496020587,78.53297565437288,0
64740.0,0,0,95,24,257.6084492016442,149.5262764044416,0
64755.0,1,0,99,21,225.21119297295266,9.71997941228462,0
64770.0,0,0,98,31,221.9136101330777,2.3568647990499607,0
64785.0,1,0,85,27,237.06844350283248,1.9966730789873448,0
64800.0,1,0,60,31,260.6107622736639,2.0984533806818213,0
64815.0,1,0,45,22,311.5455431303169,29.97083667413447,0
64830.0,0,0,85,25,221.9865862925467,36.61305963846513,0
64845.0,1,0,99,26,215.23405339521864,32.70048302637446,0
64860.0,1,0,80,29,250.48996593593938,31.482436236166244,0
64875.0,1,0,45,26,773.8308094109378,29.382450790807212,0
64890.0,1,0,76,26,218.45604198526826,33.366848004236736,0
64905.0,1,0,79,17,256.4544775213357,33.282098585157534,0
64920.0,1,2,67,20,263.6936438872494,6.010084170598177,0
64935.0,1,2,58,16,248.69485504064988,16.393563027394613,0
64950.0,0,2,93,24,195.08850208825726,11.513550225935722,0
64965.0,1,2,110,16,10.314182742511154,5.106880616915678,0
64980.0,1,2,92,26,25.742911934311778,4.8637674737234855,0
64995.0,1,2,78,26,157.35304840731385,2.021380174611059,0
65010.0,0,2,83,23,81.78886959705525,1.235151737610955,0
65025.0,1,2,96,24,12.469668265030455,10.208283039727492,0
65040.0,0,2,103,24,119.04437800491979,48.16105400003489,0
65055.0,1,2,103,27,17.84353848861925,49.652776097948674,0
65070.0,0,0,96,28,16.146444599936807,55.840572985770166,0
65085.0,1,0,112,21,24.713347617801922,57.12139570662351,0
65100.0,0,0,108,25,164.94106667510948,58.61085003657015,0
65115.0,1,0,109,28,58.90587869644583,56.29181446793528,0
65130.0,0,0,105,26,25.00041747693535,59.96513035924183,0
65145.0,1,0,113,24,51.88917409940264,58.431546098421464,0
65160.0,0,0,105,26,187.17821326312765,53.20465023500673,0
65175.0,1,0,108,22,307.43089918597366,52.535068392545234,0
65190.0,0,0,100,24,304.4850752776271,275.3316489151266,0
65205.0,1,0,118,23,654.8124488098355,53.66718242277477,0
65220.0,1,0,73,29,279.30009824997575,3.5613975826624884,0
65235.0,1,0,19,36,976.0908025523083,1.2483947419253691,0
65250.0,0,0,101,32,476.6547084300396,7.676433803888864,0
65265.0,1,0,84,33,498.2507984748199,3.767330942717613,0
65280.0,1,0,95,29,542.9225517483337,59.69738291213342,0
65295.0,1,0,93,28,2173.881871269882,4.414099045609502,0
65310.0,0,0,89,25,1884.2777684562502,4.013654165328458,0
65325.0,1,0,84,27,1535.8305831168109,2.9380583014205204,0
65340.0,1,0,60,23,1528.51092405024,2.5823592082383815,0
65355.0,1,0,34,23,1581.0405221183746,1.3157671367102692,0
65370.0,0,0,87,21,350.01901935703575,1.1624158332977848,0
65385.0,1,2,80,22,455.9806694619557,392.2415719582397,0
65400.0,1,2,72,7,215.39552718891622,84.64004998892473,0
65415.0,1,2,61,11,42.50336085327585,11.559537424488438,0
65430.0,1,2,72,15,35.67110915411432,8.956583144432066,0
65445.0,1,2,77,18,21.078467255315964,3.0185430655439665,0
65460.0,1,2,63,12,16.075636072203316,1.7869779012504254,0
65475.0,1,2,66,15,9.402569232589302,4.974623596879228,0
65490.0,0,2,88,16,88.86072420118482,9.39917534771967,0
65505.0,1,2,86,29,11.907952851391938,8.2015648453763,0
65520.0,0,2,92,29,155.82539777113945,6.765628996223242,0
65535.0,1,0,111,28,25.481999314386464,0.9431778069494678,0
65550.0,0,2,103,19,39.171469749588866,3.4121413741669504,0
65565.0,1,2,106,25,297.41021820279667,4.5201844740042345,0
65580.0,0,2,94,25,161.76170353659762,80.19047101215233,0
65595.0,1,2,48,29,6.623404064073912,8.96867678430371,0
65610.0,0,2,83,32,3.940407147038155,11.143522248386686,0
65625.0,1,2,96,31,3.4225254228354314,3.699533562685869,0
65640.0,1,2,79,36,16.539131029269022,65.11807661479394,0
65655.0,1,2,84,30,4.239479490044834,4.785602849121317,0
65670.0,0,2,100,28,5.435070659390315,4.146295534040871,0
65685.0,1,2,104,24,20.225478011501323,82.76048781701132,0
65700.0,1,0,114,26,21.929857169379805,78.74980918612121,0
65715.0,1,0,101,25,19.300185446110717,83.29122094363025,0
65730.0,0,0,96,27,29.91132203881313,87.04032566240049,0
65745.0,1,0,113,24,17.53603330850523,80.6615610291196,0
65760.0,0,0,104,26,21.273838751134768,96.22858604102474,0
65775.0,1,0,110,22,72.15817920973396,75.69162920503975,0
65790.0,0,0,109,27,26.049513740841395,79.61887543832168,0
65805.0,1,0,128,26,130.67750146102972,81.59624143461518,0
65820.0,0,0,114,23,289.00456716157436,76.76071663805949,0
65835.0,1,0,120,22,378.6053846381332,77.32930688780782,0
65850.0,0,0,109,22,372.45910678543004,64.32476471267853,0
65865.0,1,0,115,29,372.66380853492944,140.81896402936098,0
65880.0,1,0,99,26,384.3379477000572,63.50130022012573,0
65895.0,1,2,72,15,473.89352692678847,6.485968765817106,0
65910.0,0,2,113,24,358.2948287860343,3.5736984745120997,0
65925.0,1,2,125,23,342.6752630329311,4.947563991036676,0
65940.0,1,2,115,14,109.21176196435087,78.32589911019275,0
65955.0,1,2,91,15,565.9635623593974,0.879700670463093,0
65970.0,0,2,108,20,9.786435835963065,50.87698819698059,0
65985.0,1,2,126,22,8.98412074112226,4.1199457493931675,0
66000.0,0,2,106,12,29.85434027335164,62.32045308640196,0
66015.0,1,2,94,12,29.959870483552777,14.037980325493685,0
66030.0,0,2,96,23,1966.0308707004804,8.619877721109232,0
66045.0,1,0,119,25,2288.4283734048868,1.950200643852657,0
66060.0,0,0,99,26,2280.222013806503,22.265799532587504,0
66075.0,1,2,99,13,2168.156512824442,22.466781993532514,0
66090.0,0,2,92,32,2082.761403406013,20.75296925601454,0
66105.0,1,2,92,23,2165.5716854407333,9.490338958656912,0
66120.0,1,2,111,23,2248.1278798120666,5.835930429449365,0
66135.0,0,2,61,25,29.827764831665704,3.7991619943452815,0
66150.0,1,2,87,25,29.684751431868648,56.316160653903985,0
66165.0,0,2,75,27,2315.473820507674,56.89950994321986,0
66180.0,1,2,111,22,718.8271467457453,55.788185229615635,0
66195.0,1,2,78,22,2088.365474586237,88.96793195523009,0
66210.0,0,2,87,27,2061.5478155659384,80.4611885960366,0
66225.0,1,0,76,26,336.3653631537208,110.70818478494581,0
66240.0,1,0,85,23,1900.5049680737136,58.59860443613132,0
66255.0,1,0,45,26,424.04878450944943,61.77536696967104,0
66270.0,0,0,86,26,41.57901314661335,70.48606843008498,0
66285.0,1,0,108,27,330.9979579840838,74.97689467509876,1
66300.0,1,0,89,23,371.90578544762246,73.31547285417722,0
66315.0,1,0,47,25,494.6262364010262,85.73951472018464,0
66330.0,0,0,93,26,406.24277519111587,91.64623940579078,0
66345.0,1,0,92,26,442.16471837778323,103.50025209391572,0
66360.0,1,0,67,27,680.7104634508001,134.79877591668418,0
66375.0,1,0,16,17,482.00121593062767,179.8377504267899,0
66390.0,0,2,80,20,416.14233567850096,0.8393583801630683,0
66405.0,1,2,85,24,594.5295035081245,1.7526237859920553,0
66420.0,1,2,69,4,1461.261761084949,146.97559285743438,0
66435.0,1,2,56,8,1593.0328983950374,0.4892798868054162,0
66450.0,1,2,46,22,1588.4877806554964,1.065939483732687,0
66465.0,1,2,43,27,1593.9834727346795,1.198177111193838,0
66480.0,1,2,58,22,1331.645599231398,2.70857707358013,0
66495.0,1,2,59,18,1582.163388934336,2.451311241053889,0
66510.0,1,2,59,20,1101.716370308934,2.9736729746677546,0
66525.0,1,2,99,20,1037.4691984871113,1.254823672483104,0
66540.0,1,0,106,15,1040.3518673164929,504.5961597801986,0
66555.0,1,0,97,21,715.6768337350675,74.99648051715812,0
66570.0,1,0,58,23,801.5783898093129,245.30767060283412,0
66585.0,1,0,76,22,144.42626904859273,956.506356124852,0
66600.0,1,0,69,24,144.76052821203047,1802.876884894218,0
66615.0,1,0,66,21,30.472826369806477,186.9776969562315,0
66630.0,1,0,74,20,321.17020748060236,1142.043227424081,0
66645.0,1,0,56,26,21.799891746940716,1159.1459649013668,0
66660.0,1,0,80,25,45.32542413946413,155.8799187425718,0
66675.0,0,0,54,26,82.21901755801085,201.75019640316776,0
66690.0,1,0,74,21,321.42419054539107,141.1476378567922,1
66705.0,0,2,54,23,324.8589947114661,130.41075070831985,0
66720.0,1,2,76,18,345.3762837254103,210.68305687789623,0
66735.0,0,2,58,20,46.904818500465126,119.70600074898378,0
66750.0,1,1,80,19,45.22994015871152,112.05252752263347,0
66765.0,0,0,65,13,10.163634615353018,552.9438644241238,0
66780.0,1,0,77,11,307.50053960901533,577.6237826426363,0
66795.0,0,0,66,8,33.08705762784543,564.8100280535672,0
66810.0,1,0,77,16,6.044216490063293,89.30113240579769,0
66825.0,0,0,55,20,4.314667668889484,958.8287612220278,0
66840.0,1,0,83,18,95.70186074946548,2555.135770600922,0
66855.0,0,0,71,18,274.1203476693885,2534.75848692864,0
66870.0,1,0,79,23,6.3238569291788815,2883.8563935752168,0
66885.0,0,0,54,19,5.040626263255496,2883.8457407146825,0
66900.0,1,0,74,14,14.687356348298373,3030.967191757189,0
66915.0,0,0,72,7,13.562279898743647,3022.4740798664643,0
66930.0,1,0,88,30,42.0036310198205,2411.408226458594,0
66945.0,1,0,85,27,456.20630223720224,1245.4714480353457,0
66960.0,0,0,66,33,15.115478674220093,841.6452836508772,0
66975.0,1,0,91,30,391.84683605658137,1508.022137013328,0
66990.0,0,2,61,24,137.35566848015938,1855.2442647180408,0
67005.0,1,2,73,27,970.5382703448201,1451.7705961640058,0
67020.0,1,2,66,32,1044.8459150724898,1411.3563605631266,0
67035.0,0,2,50,29,3015.7149449425037,170.91227753645794,0
67050.0,1,2,110,25,2924.521516457091,178.19658617048322,0
67065.0,0,2,104,26,2996.9956820776906,2.5914952545151846,0
67080.0,1,2,95,29,2876.68406501385,327.87974540183825,0
67095.0,1,2,97,15,3092.16723364295,87.82051877318374,0
67110.0,1,2,74,22,3210.67603165489,77.29017422336153,0
67125.0,1,2,85,24,3002.537994914988,78.21602506101652,0
67140.0,1,0,87,24,2375.842927271798,61.46711050824844,0
67155.0,0,0,77,24,2356.725154082668,1772.420099121582,0
67170.0,1,0,98,27,141.657528570543,71.12972775428683,1
67185.0,0,0,101,26,2170.1572250569825,74.47640324443982,0
67200.0,1,0,114,24,2330.4736416662126,71.62709441680116,0
67215.0,1,0,105,26,2370.2162793168854,76.02734265433675,0
67230.0,0,0,108,28,270.87948498692026,90.93392006880899,0
67245.0,1,0,112,28,186.9443034035738,134.26949596814717,0
67260.0,1,0,110,23,182.941778343106,435.92573804795586,0
67275.0,1,0,59,25,235.6569280894263,114.43726558490143,0
67290.0,0,0,86,30,618.6626211313885,552.0701472287229,0
67305.0,1,0,86,25,2312.229091105301,3.0461114846073443,0
67320.0,1,0,69,20,2339.3423775936863,1.1161931679082404,0
67335.0,1,0,16,17,2424.0903658155576,0.3283748549931754,0
67350.0,1,0,57,19,2107.180717259542,0.3824298637097559,0
67365.0,1,0,65,15,2120.509335328557,0.455020898154318,0
67380.0,1,0,32,17,2155.992994954705,133.44491882661544,0
67395.0,1,0,0,15,2206.682376960699,337.3767008711133,0
67410.0,1,0,28,15,2175.8625016329197,292.33452338338054,0
67425.0,1,0,60,11,2182.588829225732,489.0442729037147,0
67440.0,1,0,60,20,2192.4183042652057,1305.031032122184,0
67455.0,1,2,4,3,2266.7556850440587,388.59996263068786,0
67470.0,1,2,25,12,2220.388511887588,943.7794746247891,0
67485.0,1,2,53,26,2066.807890667521,2.0081918656529996,0
67500.0,1,2,50,15,2078.290629543168,1076.9029980141054,0
67515.0,1,2,49,20,2129.374050242317,1109.9011373623443,0
67530.0,1,2,73,24,2127.828961939817,1028.9026991204303,0
67545.0,1,2,90,22,2261.312777072742,959.1800012108641,0
67560.0,1,2,114,15,2356.5401388698388,1011.3327828139854,0
67575.0,1,2,98,18,2402.8013519218175,1088.2501310489995,0
67590.0,1,2,70,24,1555.7691789060616,1067.726052792393,0
67605.0,1,0,74,27,1102.269035947885,301.84681807633115,0
67620.0,1,0,63,19,2191.1003960405615,1042.7458974822666,0
67635.0,1,0,62,17,126.2861421481193,1066.0353868531174,0
67650.0,1,0,63,23,45.88451573710734,1010.7705375962911,0
67665.0,1,0,65,29,28.36131527499547,315.8222212649178,0
67680.0,1,0,64,25,65.47245202052373,414.8027784757501,0
67695.0,1,0,63,25,98.98778547620263,2.964874366919692,0
67710.0,0,0,52,26,71.86936691725141,107.40393464365751,0
67725.0,1,0,60,41,63.99476500625278,94.78482997343373,0
67740.0,0,0,49,24,634.4938952676177,84.35291099770343,0
67755.0,1,0,75,34,32.375634931972584,0.9713191262812544,0
67770.0,0,0,66,30,111.37056307417085,0.715600172313725,0
67785.0,1,0,71,34,163.37327855767217,0.7023576634178261,0
67800.0,0,0,45,25,55.947023944145364,5.210429266525285,0
67815.0,1,0,54,25,4.571349099140537,0.9688472450479461,0
67830.0,0,0,58,24,139.25548161983667,256.56564243002555,0
67845.0,1,0,74,25,172.59147540051353,300.2095743523691,0
67860.0,0,0,50,15,160.42251957689206,659.2445515930682,0
67875.0,1,0,72,15,33.85597959000614,1656.9764925198854,0
67890.0,0,0,56,13,35.622984760779204,901.2228295115602,0
67905.0,1,0,88,3,90.00205868177405,1491.6042058426533,0
67920.0,0,0,84,13,3.3041291968493955,830.362991849568,0
67935.0,1,0,101,20,3.9998717345317427,935.3170627611929,0
67950.0,1,0,111,32,4.247319384701015,1060.8734651476439,0
67965.0,0,0,87,35,78.5226425060866,367.28721194278756,0
67980.0,1,0,100,25,168.61205179966507,95.90361247739402,0
67995.0,1,0,93,29,370.58546174504187,0.7074147303550204,0
68010.0,1,0,82,35,998.616368370947,0.44565216260319634,0
68025.0,1,0,70,36,658.7269702473042,1.198860565629056,0
68040.0,1,0,115,23,61.71647170969211,374.4939245577668,0
68055.0,1,0,113,24,2353.179018886893,1122.8696024262165,0
68070.0,0,0,93,28,2383.5452341521745,160.06914102500585,0
68085.0,1,2,108,17,2401.670452561899,15.606794272975387,0
68100.0,0,2,91,15,2439.284504652513,0.5505494817948785,0
68115.0,1,2,87,14,520.1418051370629,0.9658715293590622,0
68130.0,0,2,85,31,57.19847276413875,0.8539184818486346,0
68145.0,1,2,99,31,29.636476422247664,0.7388692215068444,0
68160.0,0,2,75,26,15.37488722680152,56.93078684872907,0
68175.0,1,2,86,35,3.0675645312784794,2.647479562374823,0
68190.0,0,2,88,34,2.7095048624313622,13.949399505118597,0
68205.0,1,2,99,37,2.8061783389477557,1651.4101896340885,0
68220.0,0,2,80,24,17.747171250077376,668.1556147712809,0
68235.0,1,0,99,30,5.131458575970717,34.77293135446604,0
68250.0,0,0,95,29,703.1885236641396,25.188807097779797,0
68265.0,1,0,91,27,30.028265016288742,11.851431972716897,0
68280.0,0,0,97,28,69.16421450587178,210.4288365953162,0
68295.0,1,0,92,26,395.2845216975855,50.52039548338435,0
68310.0,0,0,74,27,2381.7500094810907,50.59025502233612,0
68325.0,1,0,97,24,2409.024310190679,61.74697382952051,0
68340.0,1,0,87,28,2404.107007908213,54.76365387758676,0
68355.0,0,0,40,24,2305.3140098486915,50.50924167010376,0
68370.0,1,0,74,25,2339.4642937246294,50.96966457104269,0
68385.0,0,0,85,16,2359.4151143172176,8.804924694667383,0
68400.0,1,2,84,16,60.53143301352467,1776.4230216987628,0
68415.0,1,2,106,12,329.4678919511785,652.066859194626,0
