,action_onnut,action_virtual,reward_onnut,reward_virtual,travel_time_onnut,travel_time_virtual,teleport_number
0,1,1,0,0,0.5479195631092261,0.0,0
1,1,1,11,0,2835.006680578584,0.0,0
2,2,1,5,0,0.6325274722861906,0.29769820830229804,0
3,2,1,0,0,261.6217053215438,326.3669503618482,0
4,2,1,0,0,0.08995601630237507,0.26712225643085497,0
5,1,1,2,2,12.650336253597702,3.7271546525066026,0
6,1,3,0,10,46.56730810347579,89.20550030507863,0
7,1,1,23,7,275.9374301640079,0.528268541676723,0
8,2,1,3,5,1.095681433523106,3.787459297916428,0
9,2,1,83,4,0.8106343260327942,0.22791406476314263,0
10,2,1,100,8,2.0418265379644494,0.2453145802199122,0
11,1,1,74,2,153.39797018149176,18.33765146871615,0
12,1,1,70,7,20.365531418851127,165.54179066335075,0
13,1,1,58,14,111.95553835984572,31.95454382968669,0
14,2,1,60,14,0.7720358042377395,0.26219834957281446,0
15,2,1,101,9,45.24879753772629,22.81156539494813,0
16,2,1,99,16,5.503637541253906,0.29972662345735085,0
17,2,1,97,27,2.8433825776209547,40.597961365505405,0
18,2,1,82,24,143.1274316903649,43.24477009856943,0
19,2,1,59,11,214.70828995384826,194.77259587822806,0
20,1,3,57,14,1.3933437946801286,430.93159293871776,0
21,1,1,92,6,6.140684040801882,110.10617316242674,0
22,1,1,92,7,284.8613530977874,247.82946221463612,0
23,2,1,106,10,1.533762146712488,145.74222950076137,0
24,2,1,96,4,10.605544288863463,4.206042197039705,0
25,2,1,97,8,308.0183077283338,62.89646238291357,0
26,1,1,70,10,247.5011208865021,22.489026522909757,0
27,1,1,77,15,87.01662158768657,19.023610300827674,0
28,1,3,60,14,0.7839327247135968,0.8388202280271011,0
29,2,1,98,20,1.553776869535056,15.718218657605547,0
30,2,1,103,28,11.890460592667973,41.604257086207895,0
31,2,1,111,11,562.107680279794,96.9883810415792,0
32,1,3,66,18,22.55082322147199,5.587536279147495,0
33,1,1,83,16,21.03751186529353,0.5773049874812689,0
34,1,1,90,17,27.452506925629454,1.897251550559863,0
35,2,1,110,8,22.13085888560556,7.662590397965717,0
36,2,1,113,11,24.356041716284665,0.4067364289470997,0
37,2,1,126,14,22.697692206673594,0.6035196748263653,0
38,1,1,98,15,2.2729897540273494,0.49880137619687365,0
39,1,1,85,9,742.6336065938774,3.334894016767444,0
40,1,3,78,6,20.402669885699368,0.6936795837001268,0
41,2,1,97,7,24.792905534610032,165.8167508513847,0
42,2,1,107,9,10.152832162498827,51.300191134229564,0
43,2,1,103,18,37.17691129771192,198.21487870321155,0
44,1,1,96,21,16.810076298338213,1006.2138106241899,0
45,1,1,96,5,189.3472374391704,1069.4391209988046,0
46,1,1,65,24,557.3506607757006,278.60901694174254,0
47,2,1,106,14,41.13370616733657,1467.9626624071532,0
48,2,1,120,22,275.16730999306367,2372.181936612227,0
49,2,1,106,20,353.19167779406456,1160.5346463706044,0
50,2,1,111,12,344.8742585445042,465.79193612515405,0
51,1,3,77,12,315.28540368058503,140.5628735917423,0
52,1,1,81,15,1.8078699000447829,8.384397187895757,0
53,1,1,97,23,132.5983947636535,169.06925586744833,0
54,2,1,128,11,16.58777851254225,69.47237547283038,0
55,2,1,128,9,373.54581504574895,661.6799220494006,0
56,2,1,105,9,613.1234305577208,726.6836200947977,0
57,1,3,77,21,271.9173190044695,1.0330397806939524,0
58,1,1,96,17,245.9022060847362,75.53988238232628,0
59,1,1,94,15,518.5446837692396,202.1298633492449,0
60,2,1,103,16,237.7140873629008,0.7447890385681913,0
61,2,1,122,19,14.749046068281864,0.6581077862200682,0
62,2,1,124,20,22.32226009465946,46.39118401090815,0
63,1,1,99,20,675.1518274460634,155.48692438683324,0
64,1,1,63,18,451.87866378234787,469.9103709228691,0
65,1,3,40,34,455.92831742918474,1092.3468351087379,0
66,2,1,80,10,654.2932248786357,1360.9420866073358,0
67,2,1,83,3,579.9042767718206,2035.7908563529456,0
68,2,1,82,6,1534.8941067318324,1227.7455418198806,0
69,1,1,62,14,425.7124224018691,1099.5438321096178,0
70,1,1,56,2,509.21598607328747,1409.0980598381832,0
71,1,1,48,2,385.55635097572144,1349.4540606007547,0
72,2,1,65,4,529.7963789984273,2158.4512360721765,0
73,2,1,86,15,618.3829083102065,2876.5916451496337,0
74,2,1,84,14,813.7350536300364,2760.421354882118,0
75,1,3,57,6,430.75379032823105,2821.56885999328,0
76,1,1,53,5,398.46624681256503,2954.3734991928754,0
77,1,1,42,20,374.2679618873229,2734.5798364090056,0
78,2,1,61,12,54.046354981459885,2752.0580098956557,0
79,2,1,89,6,99.78789302920337,2765.9053629030927,0
80,2,1,83,4,1021.0628515741115,2787.4208865766313,0
81,1,3,71,10,30.20419530293423,2708.0286034798714,0
82,1,1,74,8,404.1125823006328,2774.3663572214286,0
83,1,1,46,1,424.50160769726443,3122.6451997256904,0
84,2,1,76,6,401.10294317339174,3126.4966404196084,0
85,2,1,81,19,436.03016172982655,2846.273082685038,0
86,2,1,84,11,780.9208970019206,2639.0413674370648,0
87,1,1,59,2,480.2891210480576,2810.1054881663063,0
88,1,1,47,5,386.69314697771335,3046.71285830233,0
89,1,3,36,6,449.94089520061203,2875.356690574073,0
90,2,1,71,7,637.6837050929224,2847.3628500633863,0
91,2,1,83,15,725.3922425027506,2976.0789698316257,0
92,2,1,78,4,1536.267045849448,2963.228927002467,0
93,1,1,47,12,575.8803516301024,2809.3108177259596,0
94,1,1,49,5,520.4792218114421,2856.132867989245,0
95,1,1,31,4,380.5086629271448,3058.736879427755,0
96,2,1,55,7,505.66367405832295,3046.6931321561055,0
97,2,1,70,11,653.5555264529012,2818.008427667193,0
98,2,1,73,0,440.9312277406878,2884.351572142809,0
99,1,3,60,10,500.72444009684085,2924.3301163947945,0
100,1,1,54,1,478.1552434056803,2878.881417566554,0
101,1,1,37,4,350.82861981222936,2884.2213063244008,0
102,2,1,64,3,365.69817035671736,2747.6549528608716,0
103,2,1,86,0,403.3277323244422,2976.0740498927958,0
104,2,1,81,6,421.0615183371202,3080.712592728164,0
105,1,1,82,2,64.82341147161438,2809.3181986050427,0
106,1,1,102,2,383.78684568225765,2825.6023062846543,0
107,1,3,77,3,365.17421942643523,3056.135327441276,0
108,2,1,77,4,31.88203037762655,2864.560600822847,0
109,2,1,96,9,31.215654344401177,2692.7233223038634,0
110,2,1,94,8,55.09455033633804,2716.3024855996655,0
111,1,1,85,2,21.673476401234883,3071.852793524157,0
112,1,1,95,4,124.48078381480451,3168.4522202306607,0
113,1,1,82,7,25.720420016915945,2942.7627945333,0
114,2,1,104,14,24.273606263802172,2911.289510941639,0
115,2,1,119,2,255.21757943712066,3093.7882087417365,0
116,2,1,100,8,1060.2363116174222,2961.1502491259544,0
117,1,3,69,20,227.26316049776963,2871.494686915836,0
118,1,1,53,7,215.49677558644936,2765.2087998922607,0
119,1,1,40,0,279.8898065110161,2977.2802633056326,0
120,2,1,70,10,203.2384556045332,3123.6649700156786,0
121,2,1,76,17,735.4434924299202,2834.762381022819,0
122,2,1,67,17,1255.181952696855,2731.3307845645486,0
123,1,3,58,5,568.7446975355367,2929.8038067106927,0
124,1,1,59,6,315.8966658665956,1383.9821848130973,0
125,1,1,52,9,198.45251216731396,315.8722505923075,0
126,2,1,74,5,457.263032290906,1130.8261813487773,0
127,2,1,84,2,553.7963935737913,2982.562127286773,0
128,2,1,78,3,1297.2813388685977,2982.4855407599534,0
129,1,1,46,25,319.081903744095,2781.838726977803,0
130,1,1,58,4,251.96239505011206,2835.568426466041,0
131,1,3,49,3,202.32752835947684,2173.301186309515,4
132,2,1,69,3,220.81612100597482,1084.2919617357384,8
133,2,1,94,6,70.57921941068375,1989.0051107999434,6
134,2,1,95,4,1062.1001732223997,2243.4880659626697,4
135,1,1,76,10,108.22828876204692,235.7826429139787,3
136,1,1,65,19,203.529690990287,1000.910884594352,4
137,1,1,73,45,110.71791963993853,301.43612141581065,0
138,2,1,79,21,30.504406263055078,938.9431525475303,1
139,2,1,84,16,282.02243432793915,950.0134215630447,0
140,2,1,74,32,992.5168368870349,1048.9361448921609,0
141,1,3,73,29,70.09421050024932,1018.7775702132748,0
142,1,1,73,27,138.48258983811994,39.434901317685735,0
143,1,1,66,26,11.182449763919035,32.70841572435815,0
144,2,1,89,21,129.27134476306387,84.22090962125054,0
145,2,1,105,15,156.53430278715726,27.20863210886602,0
146,2,1,121,17,970.5851732099031,32.45461756487831,0
147,1,3,81,16,150.94575656009297,232.95629177068975,0
148,1,1,48,15,198.71004666205832,616.3791384350833,0
149,1,1,33,24,156.25661038894006,371.97035294906163,0
150,2,1,60,24,102.95294626826131,1092.8066365477864,0
151,2,1,71,6,129.34582476619212,2383.1594056973245,0
152,2,1,83,16,71.67252936938662,2616.854399776537,0
153,1,1,76,33,23.822097966077912,1213.8946075138056,0
154,1,1,73,12,257.50922618334323,1211.5115355096207,0
155,1,3,56,8,133.27555601823494,2653.441818896692,0
156,2,1,60,11,213.3549037641983,2674.406674642498,0
157,2,1,82,18,337.37437435286984,1526.6783831494486,0
158,2,1,92,21,971.5955139865144,1867.8952512092403,0
159,1,1,70,8,268.94257170559706,2765.9398900993438,0
160,1,1,56,12,236.54377997073883,2034.7912195389758,0
161,1,1,67,23,2645.885851111551,1486.836039305542,0
162,2,1,89,15,45.12553359637758,2403.3594037589273,0
163,2,1,104,14,511.46786895122244,2528.628144720958,0
164,2,1,114,16,8.152637036577087,1481.017183476381,0
165,1,3,99,21,21.672447569044408,1566.167041399195,0
166,1,1,84,21,203.28986411858648,1204.9425577617637,1
167,1,1,76,14,885.5027694049314,1679.0843874415607,0
168,2,1,85,22,30.30113865765878,1150.4585988285623,0
169,2,1,109,18,171.8219943557958,1262.374894614795,0
170,2,1,99,17,683.4177793761559,311.88709587510317,0
171,1,1,75,19,473.0927566970924,186.11700641628167,0
172,1,1,68,17,147.0069749284393,27.578877574743455,0
173,1,3,53,22,186.39113894805368,151.04074469928733,0
174,2,1,67,15,16.359156343185802,26.004601344163042,0
175,2,1,85,11,496.38245691410805,459.7492290465814,0
176,2,1,70,13,393.6454851121203,16.45100237455503,0
177,1,1,78,21,7.733858477331387,547.0942343575767,0
178,1,1,80,15,11.571859381487391,844.2275341653155,0
179,1,1,65,13,749.8949902209467,592.1378931467585,0
180,2,1,62,14,568.5915307155301,275.59403020019494,0
181,2,1,67,20,645.0833238550395,254.6534656426719,0
182,2,1,67,27,657.3676808809417,93.62165185512653,0
183,1,3,47,23,920.9516016064983,170.2712819561438,0
184,1,1,53,28,736.98252118158,1186.010715823436,0
185,1,1,53,19,1683.8218231340031,988.0968273488322,0
186,2,1,64,18,561.9791631764149,1072.609786290468,0
187,2,1,65,2,1140.7134291182097,1405.3854493850697,0
188,2,1,63,6,1251.5056259912058,1247.9839501030333,0
189,1,1,54,13,964.7283149776389,1461.8437249006918,0
190,1,1,55,4,794.7845461915163,1966.531125485617,0
191,1,3,33,9,801.7905837321057,1588.1924862809874,0
192,2,1,37,12,1055.6986065938177,903.8541982635189,0
193,2,1,60,9,1127.1515673212598,764.9286739698643,0
194,2,1,32,10,1610.6464219839825,900.3106063374508,0
195,1,1,30,1,1360.5809657355517,1508.861728680312,0
196,1,1,29,1,1771.6065586502348,2203.4414287889135,0
197,1,1,32,12,1720.2242661520481,2123.511383221227,0
198,2,1,43,11,1813.5386758740792,2206.3958770838535,0
199,2,1,45,2,1742.099634368737,2168.517005325525,0
200,2,1,48,3,1319.32837183376,2266.498881946853,0
201,1,3,37,3,1092.3872759265385,2069.9135489920463,0
202,1,1,27,14,677.0571171767925,2004.9277992252914,0
203,1,1,30,8,720.9221541850123,1871.4978524140504,0
204,2,1,49,7,690.4851795484011,1979.929848017742,0
205,2,1,65,13,572.4290023610898,1797.611775437698,0
206,2,1,69,15,518.6308288866372,1849.2414601331961,0
207,1,3,45,4,524.1983056099207,2017.3501479643805,0
208,1,1,50,3,465.92658896111243,2039.0213010282218,0
209,1,1,39,9,466.370708975176,1907.8096690953594,0
210,2,1,73,10,471.22435665024386,1904.2035907309828,0
211,2,1,90,5,635.350475295704,2094.821186260431,0
212,2,1,80,2,2118.8165540812183,2229.9458251782107,0
213,1,1,69,1,1158.5315619454043,2113.2372176756194,0
214,1,1,57,11,443.10021439776745,2053.9586924209007,0
215,1,3,30,2,404.19444470998724,2039.0346104017708,0
216,2,1,74,4,435.8203228755681,2116.800774535153,0
217,2,1,97,11,456.1294999689536,1961.1603070238684,0
218,2,1,98,10,752.3098601550023,1890.786438163773,0
219,1,1,58,1,722.2605784490046,1933.613786184358,0
220,1,1,57,10,509.1441546737299,1979.943857287289,0
221,1,3,49,15,433.4963699383333,1897.448880362727,0
222,2,1,47,6,469.8800197510224,1831.5559577381616,0
223,2,1,101,4,841.032312929406,1993.5967265735308,0
224,2,1,96,5,3008.9531488917437,1979.9293995942091,0
225,1,1,57,13,2595.747232401877,1846.1719732906038,0
226,1,1,23,8,1188.0596380271027,1846.2159879491765,0
227,1,1,33,2,2676.547461634199,2036.6481340314983,0
228,2,1,50,7,709.3368315876342,2009.0471931065683,0
229,2,1,69,8,913.7149112384476,1821.5621897251663,0
230,2,1,67,10,3197.8189547614247,1807.4442979926562,0
231,1,3,46,2,1196.894096436261,1849.4609528904532,0
232,1,1,37,6,828.1770511831709,2020.0250763348954,0
233,1,1,23,11,599.4362674381816,1856.2586072847307,0
234,2,1,39,7,498.31969534830154,1831.532845689532,0
235,2,1,83,1,187.47419477371827,1993.5900589406817,2
236,2,1,98,6,163.7875678827892,2009.052335670341,0
237,1,1,73,14,473.6119206597482,1846.1704871322863,0
238,1,1,49,10,539.1498288912846,994.3856284858551,2
239,1,3,42,5,595.5618518408064,675.9378281097758,0
240,2,1,58,8,516.2692395680511,1622.7351736055848,0
241,2,1,66,16,816.7960378346578,2200.484499057038,0
242,2,1,65,14,1029.473359398285,2199.1865581804195,0
243,1,3,62,6,977.3816603976936,2001.83353588842,0
244,1,1,90,10,741.4966081863747,2049.7330368547878,1
245,1,1,80,23,930.8613425793055,1220.6332063356788,0
246,2,1,90,17,156.37165999609738,1022.3834781251334,0
247,2,1,97,10,101.19386033148633,1165.5344109839816,0
248,2,1,91,6,277.05454715931467,708.8702655261559,1
249,2,1,70,26,4.577050746783883,5.201990493588477,0
250,1,1,61,19,106.00959689955019,16.108536141112552,0
251,1,3,94,7,440.99088874815516,245.8928451297767,0
252,1,1,84,14,294.60008638484504,1.3152789994061185,1
253,2,1,66,19,101.45523195005231,16.32294928835465,0
254,2,1,84,19,328.5814530696084,55.37990327051913,0
255,2,1,75,13,335.12266724540734,482.67229516812597,0
256,1,1,91,12,319.1882721681228,20.31257153717054,0
257,1,3,78,13,9.233071644961145,1.3315661839104707,1
258,1,1,70,16,37.66505515941121,154.8746713082638,0
259,2,1,75,5,35.019268768242576,234.26937260643413,0
260,2,1,102,10,369.4180450955746,0.6468358430583147,0
261,2,1,90,24,78.67427759123254,60.96102258875434,0
262,1,1,83,21,178.42184707058604,174.17230080782957,0
263,1,1,90,23,415.9067098623335,650.1481622012718,0
264,1,1,49,16,393.73989163785046,382.44266515259386,0
265,2,1,78,37,442.85601066288285,1485.6959133591868,0
266,2,1,88,0,466.8326802121136,2106.6005562121154,0
267,2,1,94,23,831.9706550475057,2174.7625980363373,0
268,1,3,72,15,931.8113596894026,1349.434793806369,0
269,1,1,47,24,876.1782667243475,1821.1610202702254,0
270,1,1,47,16,485.925050781533,2014.336763902525,0
271,2,1,84,10,543.9047388902236,2605.2146191272427,0
272,2,1,99,11,401.3448418693304,2459.352938217996,0
273,2,1,98,20,740.0632748117245,2320.812218113008,0
274,1,1,57,6,487.47488526469897,2298.9662825611244,0
275,1,1,42,5,431.95370854694676,2555.9040679238688,0
276,1,3,41,10,1724.7380148362163,2646.939967004219,0
277,2,1,70,20,1172.676443719644,2398.8929299637043,0
278,2,1,97,9,502.1326074477203,2298.9568192072816,0
279,2,1,98,3,3824.7995562590886,2507.846681651725,0
280,1,1,57,8,378.9535082169036,2564.229612164395,0
281,1,1,60,13,964.1503619856582,2355.12999166161,0
282,1,3,49,13,928.7909914472704,2475.197138245283,0
283,2,1,74,3,403.32439232294263,2706.37668034538,0
284,2,1,97,4,535.0750484261853,2798.101471114708,0
285,2,1,100,5,3817.378960131761,2536.278785002584,0
286,1,1,56,9,4018.381640818757,2424.398796897367,0
287,1,1,52,0,2982.0973032573747,2625.379773670389,0
288,1,1,39,4,2952.7030151302256,2662.715894746576,0
289,2,1,63,21,3132.8459624855423,2469.2818292572074,0
290,2,1,82,4,4220.5399310383555,2551.3372156866653,0
291,2,1,54,14,4303.402396093376,2596.670978981835,0
292,1,3,57,5,3692.626839578766,2449.4400043370993,0
293,1,1,49,12,3330.83997940609,2460.568810139179,0
294,1,1,29,5,750.1631846733418,2501.382358679562,0
295,2,1,56,6,545.7554310744794,2570.4270212113433,0
296,2,1,60,4,1226.9335509300693,2524.7869538312325,0
297,2,1,49,10,1235.0449969690526,2460.5703856882396,0
298,1,1,43,5,1021.0148795510044,2486.55276028511,0
299,1,1,28,4,4013.9021574269823,2646.9605732406203,0
300,1,3,29,6,3956.871739053271,2646.936939175537,0
301,2,1,61,11,3787.8564900576825,2642.862421318149,0
302,2,1,78,5,3854.120758299506,2669.7457358862657,0
303,2,1,62,0,3771.3393972107974,2701.3045761805906,0
304,1,1,48,3,1998.416587957172,2674.773187644106,0
305,1,1,43,19,1706.0720261434794,2546.4966042951246,0
306,1,1,23,7,1757.192306081888,2398.9015382243906,0
307,2,1,42,5,1295.1374387945568,2635.7646968277686,0
308,2,1,54,3,1448.0943942974438,2524.7785321817764,0
309,2,1,51,10,1644.5054705325006,2311.458713771485,0
310,1,3,30,11,4063.5567996594846,2475.183357589486,0
311,1,1,28,3,4072.511874503364,2678.5093000825864,0
312,1,1,20,4,3993.0136101218936,2706.3715887448493,0
313,2,1,45,5,3986.807164004174,2575.9172727491996,0
314,2,1,59,2,4133.093115300712,2718.607863330263,0
315,2,1,55,0,4226.783329804261,2892.20502983354,0
316,1,1,39,5,4060.704355825276,2564.223476213733,0
317,1,1,30,7,4154.909727650303,2475.1814016560247,0
318,1,3,22,4,3935.6952397424116,2524.8033600144267,0
319,2,1,70,2,3531.0350155051515,2831.263030248861,0
320,2,1,75,3,3565.0624922945467,2589.6054947750154,3
321,2,1,29,15,3629.082696713904,2236.4286198700224,0
322,1,1,54,9,3437.4490147897473,2015.6550008171648,0
323,1,1,50,12,3456.6983089172245,1300.8772615896455,0
324,1,1,47,13,917.2548883361919,24.727606972535604,2
325,2,1,58,10,286.9973433787911,1.6502697701944238,1
326,2,1,65,11,445.13731165500093,2.120725846495508,0
327,2,1,70,7,491.8106360987614,307.9561784296741,0
328,1,3,59,11,21.71758583559349,12.782927842833846,0
329,1,1,51,17,19.66827612071711,1513.6726485655538,1
330,1,1,37,18,27.43425803746134,57.28035236799409,0
331,2,1,83,12,370.34419366393126,960.4342004964294,0
332,2,1,97,14,1626.2685882127025,888.0935768764152,0
333,2,1,56,22,1563.148671911635,1347.4286317304477,0
334,1,1,59,23,1076.2984587743563,1380.9869166143362,1
335,1,1,42,16,2600.4831276742184,1215.8716742947445,0
336,1,3,23,14,885.3664200919013,1192.740298068444,1
337,2,1,33,26,1086.5832708404987,1022.1185671127465,0
338,2,1,53,27,739.2455864009515,1093.6785511031942,1
339,2,1,51,4,1231.0255152428235,1603.7100376031906,1
340,1,1,45,7,918.2342449429395,1778.6076954317516,0
341,1,1,31,11,829.1564222818646,1754.4170789438915,0
342,1,1,33,11,839.1122119838342,1997.5649824372135,0
343,2,1,38,0,948.0758549060702,1658.4528838895505,0
344,2,1,69,9,627.8819212278843,2423.6545101631086,0
345,2,1,83,18,626.5948497470287,2564.6695405553123,0
346,1,3,61,1,442.7642448693103,2614.3056150734033,0
347,1,1,52,17,431.82474039611566,2719.151356586845,0
348,1,1,63,3,419.7476209502107,2582.598919571894,0
349,2,1,79,17,441.87821315633823,2582.5763027797852,0
350,2,1,85,9,498.3501069594568,2456.851199860879,0
351,2,1,99,2,573.2642951429365,2595.0242485312633,0
352,1,1,57,12,561.492209149405,2657.7912738848886,0
353,1,3,41,18,543.6753360867721,2558.442058755758,0
354,1,1,35,21,542.684636446456,2527.329524989711,0
355,2,1,52,3,672.114107626303,2558.4631848429135,0
356,2,1,66,13,700.2165232461775,2657.7877800853707,0
357,2,1,63,18,870.7587585160959,2571.0377997634528,0
358,1,3,41,4,682.1592550100514,2632.2623338698454,0
359,1,1,33,14,662.8196514120311,2784.930330005214,0
360,1,1,40,5,525.5597222977811,2665.031774631463,0
361,2,1,62,12,769.8974987610569,2699.957263997922,0
362,2,1,69,13,788.1221428881074,2639.4124720692616,0
363,2,1,67,9,708.5386616131965,2650.7815341003534,0
364,1,1,40,16,443.2157612633929,2558.440397621511,0
365,1,1,31,20,957.0565258104956,2518.352480422051,0
366,1,3,35,14,445.64084208608534,2472.994243000169,0
367,2,1,36,0,962.3601113850748,2644.4422284803873,0
368,2,1,37,5,1022.5792800210028,2737.512851747813,0
369,2,1,39,11,1028.1029812037102,2558.45111520911,0
370,1,1,45,6,1243.020578484487,2564.831225057518,0
371,1,1,45,12,1122.099942925941,2722.207385576581,1
372,1,3,73,9,1142.520815749885,2534.455784938142,0
373,2,1,98,5,98.640335700393,2580.575686149967,0
374,2,1,97,2,141.88298358768427,2521.4657245357444,0
375,2,1,90,4,63.24498445516778,2927.424839131975,0
376,2,1,100,8,2614.6492413382525,2262.231371654343,0
377,1,1,80,25,2494.1723773713525,2271.8911930890094,0
378,1,1,94,25,2183.508382389569,535.7167435204042,0
379,1,3,87,15,3016.6776238779116,915.4778510895186,0
380,2,1,96,17,3101.7543514959066,1.2249263697153288,0
381,2,1,114,20,2965.586799884062,23.93985663517514,0
382,2,1,113,18,3360.850232933677,1.5785475946056609,0
383,1,1,68,11,3234.5983142354894,343.09930435657185,0
384,1,1,52,22,3526.043336630322,113.5752999586464,0
385,1,1,47,21,3062.4163295876765,1771.8881355986694,0
386,2,1,65,22,3192.385017432481,1081.8188187925052,0
387,2,1,77,4,3946.211597831694,2641.7535466714926,0
388,2,1,76,5,4005.7035536301005,1875.304768597341,0
389,1,3,46,4,4076.6104344010805,2951.6489881807115,0
390,1,1,38,1,3881.2658189614613,2957.920846558831,0
391,1,1,23,7,3855.5797477894175,2927.083411125785,0
392,2,1,40,2,4031.494023691651,2855.67546088907,0
393,2,1,57,8,4202.720933453551,2879.075563746173,0
394,2,1,40,9,4253.261748831097,2846.554097218802,0
395,1,1,35,2,4154.039537557068,2914.4789935730128,0
396,1,1,26,5,4017.63879351568,2751.5509356147504,0
397,1,3,29,1,3957.3876986061673,2328.357511156378,0
398,2,1,30,8,4007.386579656852,2885.1905961877605,0
399,2,1,53,4,4146.344099144772,2855.7303161778345,0
400,2,1,54,5,4218.827172913427,2933.2686916575008,0
401,1,1,34,12,4174.8468117137745,2810.9092320971945,0
402,1,1,24,8,930.6225384267334,2793.6104106331436,2
403,1,1,45,0,3100.4465989488713,2855.701190511895,0
404,2,1,52,5,2677.058533932377,2951.6444894283363,0
405,2,1,90,15,3188.1498352591393,2695.104275645969,0
406,2,1,75,8,3468.241719818148,2396.5218353991845,0
407,2,1,59,15,3479.500381525019,2637.0002197406743,0
408,2,1,57,21,3464.314591248233,1732.2819002524907,0
409,2,1,76,17,2654.4984433833174,2937.344996161072,1
410,2,1,17,23,3532.5854950932116,33.794703323555986,0
411,1,3,75,14,3015.1445956366256,15.250698317380897,0
412,1,1,88,13,3302.2279441824885,137.84905004043856,0
413,1,1,92,17,2208.7929010990338,13.3415831185564,1
414,2,1,84,9,1766.904000118281,12.57412983221872,0
415,2,1,90,16,1819.7844552157094,3.462637748063217,0
416,2,1,86,10,3057.0605984569866,17.440597782511052,0
417,2,1,60,12,2951.739679858242,1.2801195866970374,1
418,2,1,56,19,3120.0437565106968,10.368594618997703,0
419,2,1,55,12,3350.7103096145756,49.62961676685763,0
420,1,3,68,18,2819.9268574879447,7.720075113341495,0
421,1,1,89,21,2471.4140541359598,3.2084909275296023,0
422,1,1,96,20,2434.0927007330533,18.718203859330167,0
423,2,1,65,12,87.05666326476293,37.278392443838975,0
424,2,1,90,17,39.19924973563736,2.3017527482216686,0
425,2,1,90,32,255.1753839218751,12.968754557161306,2
426,2,1,90,23,78.9756486187743,39.49542159440684,0
427,2,1,53,11,361.3622500345493,32.15648457131981,0
428,2,1,90,17,941.0285391444849,42.972404251482736,0
429,2,1,80,12,2673.5776506674156,2.3862990580057373,0
430,1,3,77,21,2231.78935473268,11.732813794285496,0
431,1,1,76,11,1857.5440123220783,26.394038244351496,0
432,1,1,88,11,1885.3250483660909,1009.572166718061,0
433,2,1,83,17,121.93730189117365,12.158223311941939,0
434,2,1,87,14,217.9840495067863,7.811386225295055,2
435,2,1,91,11,43.29802891278759,47.97404265932433,0
436,2,1,102,19,52.28186250729319,4.342784143106463,1
437,2,1,90,18,347.2997227853674,23.1288794214002,2
438,2,1,94,16,90.9577410820885,19.988455865949742,0
439,2,1,87,19,71.72390232400247,79.74746374249793,0
440,1,3,85,17,106.53806940360876,7.455987329450684,0
441,1,1,83,20,15.005954460580408,2.9878071053159534,0
442,1,1,86,20,337.878262108601,22.383646836471872,0
443,2,1,103,12,351.6200456061979,21.941012735142834,0
444,2,1,118,18,15.142710988115699,18.189411892500402,0
445,2,1,107,32,110.6843398501095,11.570113905439928,0
446,2,1,114,14,940.5703363944834,32.42757447465411,0
447,2,1,84,23,739.7189783043868,396.40752459069057,0
448,1,3,63,16,8.655724188834313,5.2295574175058235,0
449,1,1,88,22,12.272830866469157,12.134681005086499,0
450,1,1,91,21,12.14943341292525,25.556535077007453,0
451,2,1,121,16,7.458612036649457,3.7710135304063304,0
452,2,1,123,19,204.99740919843325,13.984169011801903,0
453,2,1,110,19,511.9064127659472,1.771329712160832,0
454,2,1,82,21,1195.3963009951976,10.106014586205415,0
455,2,1,24,13,1036.0301825543713,30.143567106680585,0
456,1,3,62,15,501.6362997788974,3.306660781172517,0
457,1,1,88,19,57.71679784733743,23.199377156609458,0
458,1,1,87,22,700.8348277892151,10.07992001927973,0
459,2,1,82,22,2667.5721058142594,44.89042856347039,0
460,2,1,79,16,2987.17565744545,327.1648935825169,0
461,2,1,79,28,3058.021108628313,3.26212231029268,0
462,2,1,76,32,2935.6699233739246,20.34985851772923,0
463,1,1,75,13,2758.354391021977,10.219789880482628,0
464,1,3,82,24,2648.1132451833705,25.306508945364122,0
465,1,1,73,15,2558.894400420537,14.44632027786368,0
466,2,1,79,16,2554.3445290210543,14.314609685252258,0
467,2,1,95,15,2598.750324314157,26.63104275878005,0
468,2,1,103,21,3103.752772434435,24.460885096524873,0
469,2,1,71,30,860.0012632772969,5.342609100938525,0
470,2,1,76,12,152.20916331323056,81.74548159239207,0
471,1,3,85,26,41.55719453999456,17.142436365980952,0
472,1,1,68,19,27.892797214734347,11.868354171316122,0
473,1,1,99,13,4.428866628215951,26.841185732226975,0
474,2,1,112,19,8.33791513092182,21.769258048597287,0
475,2,1,112,18,72.666167381895,53.685126066776995,0
476,2,1,45,19,73.29476865553627,24.54074662487105,0
477,2,1,117,15,103.01524169310898,3.067207337562661,0
478,2,1,77,16,911.5304334640308,28.613626775750056,0
479,2,1,80,10,1890.4417892217084,2.8596986550450896,0
480,1,3,61,20,1626.5039505578534,116.66627866333532,0
481,1,1,107,14,1354.2219534979936,3.1687017735764513,0
482,1,1,105,18,438.10674401598953,32.333694529904136,0
483,2,1,108,12,459.11998575358325,783.7129623122003,0
484,2,1,96,18,719.1621708826638,24.440277499502347,0
485,2,1,95,18,490.41910607102557,2.820425207329364,0
486,2,1,68,23,573.9630213726679,10.996970831053709,0
487,2,1,43,11,850.1738499481819,50.18328348367439,0
488,1,3,47,15,539.8264556096915,11.911832128269689,0
489,1,1,76,19,566.7538921501913,13.712004569638083,0
490,1,1,92,23,413.68343679218276,13.410748818209177,0
491,2,1,86,22,34.586535663862165,57.78894007906023,0
492,2,1,61,20,81.4938961788864,5.12706888712713,0
493,2,1,68,15,247.8902621412232,11.50642697254739,0
494,2,1,44,24,358.93277151514985,19.296846624346223,0
495,1,1,69,15,402.45131377793365,58.43064381225608,0
496,1,3,65,15,8.163028499263856,2.41707321284326,0
497,1,1,83,18,136.94575691918448,38.062074863331375,0
498,2,1,97,23,26.435200159849803,39.34346234721435,0
499,2,1,115,19,129.44219307508567,26.620134080145757,0
500,2,1,75,13,627.781863560704,11.196691693794218,0
501,2,1,75,20,495.6383236580321,54.8895976462414,0
502,2,1,18,11,448.89252861447943,14.302397658976314,0
503,1,1,64,10,44.41477165899535,23.644102270724648,0
504,1,3,72,12,301.8106857559092,12.221591796455419,0
505,1,1,92,14,32.510004878277,384.9689829126205,0
506,2,1,116,14,11.789066088686543,1604.2370292719008,0
507,2,1,113,8,10.06168896707161,21.10775232951311,0
508,2,1,81,12,362.2610473705814,18.962286889156523,0
509,2,1,82,14,678.0484974047793,4.361861505915931,0
510,2,1,72,17,666.088382229043,27.888294087919814,0
511,1,1,86,11,64.12925195369338,14.390303108899696,0
512,1,3,81,16,155.63395434763683,45.474771695159426,0
513,1,1,109,12,22.708678558470506,821.7362690296482,0
514,2,1,109,18,637.5046105107448,18.59116885999727,0
515,2,1,121,18,232.66883951643814,11.76737192678419,0
516,2,1,88,19,531.2610094076106,10.738533729141835,0
517,2,1,48,22,1025.8348021470708,23.319637992491607,0
518,2,1,39,16,3280.181505114746,32.937990991562295,0
519,2,1,22,15,3219.5418675131396,17.22057394422635,0
520,1,3,46,18,2903.9030841217586,15.932943702906288,0
521,1,1,91,28,2846.0875279845163,50.7656220363169,0
522,1,1,84,15,2242.6149661769487,87.93109641750458,0
523,2,1,68,17,2319.2095018614186,83.4409949857953,0
524,2,1,71,14,2395.1197404107947,54.09852913061036,0
525,2,1,83,15,2767.1912192855184,25.078934487233706,0
526,2,1,88,13,2758.0598532153804,49.91410420092267,0
527,2,1,67,10,3152.1131987856784,54.704299633352235,0
528,1,3,53,23,2637.598598993487,21.80886600613996,0
529,1,1,91,17,2647.502753832687,13.506616883088833,0
530,1,1,100,30,2324.528512235423,49.906111004813106,0
531,2,1,90,13,2453.578582017708,25.985841670588986,0
532,2,1,85,16,2795.5598720568155,26.78785970961231,0
533,2,1,71,15,2580.1010074284363,21.754663249341803,0
534,2,1,75,13,42.66719571068883,33.141071262243294,0
535,1,3,91,16,319.74291729899727,4.005827785675496,0
536,1,1,81,20,309.69973133318723,1833.114957303378,0
537,1,1,92,21,98.23708086612386,42.243780993909375,0
538,2,1,102,28,18.61042942518562,24.828955149083924,0
539,2,1,95,14,15.966392907103968,67.97940751190652,0
540,2,1,73,13,14.825375010982244,1.795129726108886,0
541,2,1,83,19,879.1597562942619,20.11865628248963,0
542,2,1,100,8,985.0513980954258,100.14425673758711,0
543,2,1,58,8,1964.8260698042852,90.37599702202752,0
544,1,3,67,24,1759.3845429218277,29.22879150303452,0
545,1,1,110,15,711.001397736178,19.837556110771075,0
546,1,1,103,14,303.66974291664695,25.733477902073915,0
547,2,1,83,11,9.636742109196298,28.501691186647847,0
548,2,1,66,16,55.99117155956993,24.81144251606389,0
549,2,1,77,16,350.0011844061893,13.552906688278622,0
550,2,1,40,21,413.0161985033264,38.66478896370175,0
551,1,3,83,12,775.1597518778008,140.60688929358506,0
552,1,1,84,13,151.49976549971197,160.00655131995646,0
553,1,1,95,10,101.41932977931368,47.97493459838179,0
554,2,1,119,11,304.37472830377163,21.97792319879779,0
555,2,1,118,13,377.5182000620382,5.645839735664962,0
556,2,1,101,12,852.267295705948,1.6035579164663025,0
557,2,1,109,17,686.7946349508366,17.765970209319338,0
558,2,1,71,15,898.728745873905,25.37191905938946,0
559,1,3,87,14,490.2520278095103,2.151850813745415,0
560,1,1,71,15,709.3485658077639,24.94535459786607,0
561,1,1,82,8,82.66181353874086,8.74217379090687,0
562,2,1,83,9,37.02266056737338,34.44495492735771,0
563,2,1,73,11,340.2203631665744,7.524358152573685,0
564,2,1,71,14,313.4616773666407,29.270813237143063,0
565,2,1,63,20,645.313188112887,1.6439357609518428,0
566,2,1,64,15,648.4022028786216,10.83903262990638,0
567,2,1,36,13,674.056354602495,29.0677092793964,0
568,1,3,42,15,1503.303281618074,92.2752347357997,0
569,1,1,86,13,1156.0773681750413,874.0083780710445,0
570,1,1,95,15,261.1493566332384,982.2985279383519,0
571,2,1,89,14,144.32028396990037,45.410316592693796,0
572,2,1,83,11,17.875174999584313,1.083814377328174,0
573,2,1,75,21,300.12356872875404,30.29708979544154,0
574,2,1,63,11,255.7465906690398,12.377629433741562,0
575,1,1,78,14,74.51033582263187,23.35568719034343,0
576,1,3,67,16,26.266889551512257,2.82763504934197,0
577,1,1,109,13,162.03506098276915,3.9610077550601335,0
578,2,1,105,9,298.00906698263776,23.0067634558866,0
579,2,1,105,11,394.3711834937789,15.776806863110567,0
580,2,1,80,14,108.83522249501985,1.3034137477708732,0
581,2,1,98,16,739.264107737205,16.69760251392653,0
582,2,1,52,16,580.4751356497511,1.929122826876509,0
583,1,1,66,11,259.20390703473504,1.760178087155518,0
584,1,3,59,18,40.85572419304996,3.2480167773534663,0
585,1,1,72,17,139.02564650108516,13.854360280727875,0
586,2,1,90,17,1115.4753923194116,1939.6997834482625,0
587,2,1,80,9,1135.6728790776015,65.73192604198375,0
588,2,1,50,18,1131.471825043399,28.219126763449427,0
589,2,1,74,19,1113.7995735442362,23.884752890189105,0
590,1,1,86,19,2871.8902657193544,10.274360240590672,0
591,1,1,96,7,2283.2135942556974,10.840331003242714,0
592,1,3,91,16,2178.7876439911374,27.266244750781176,0
593,2,1,107,19,1068.877357715467,38.391717069655726,0
594,2,1,117,16,2324.8363709737123,34.20282041913126,0
595,2,1,112,15,2359.6908912545855,30.934835368665894,0
596,1,1,78,14,2358.4551616576864,24.221971457736153,0
597,1,1,105,24,2584.3459437698957,15.32940981688158,0
598,1,3,101,20,2395.1674245122235,202.83970575808414,0
599,2,1,123,14,2591.3313361615355,58.448991973943336,0
600,2,1,104,17,2594.206145706477,13.456328060594638,0
601,2,1,92,21,3451.8490961176303,15.976061320565217,0
602,2,1,36,26,3382.1893133983144,21.816443252122777,0
603,2,1,47,9,3121.12971099604,2.8694936738390777,0
604,1,3,56,25,2747.4209900586707,2.7826521426031747,0
605,1,1,88,17,2468.403396928919,7.485851097556154,0
606,1,1,100,11,2499.73384024149,27.427138615462294,0
607,2,1,83,11,2812.322758946749,14.685240713774485,0
608,2,1,87,17,2759.2872008892896,16.961249090126664,0
609,2,1,82,35,3208.488300218444,20.49551842340925,0
610,2,1,28,24,3215.0812408416664,19.194143856245198,0
611,1,3,73,17,2963.36718959834,452.3104809711265,0
612,1,1,89,13,2603.025189089197,58.27730902585214,0
613,1,1,93,25,2561.009062970007,1683.3975065229342,0
614,2,1,83,13,2624.800351311626,47.272041243657476,0
615,2,1,56,21,237.41688599945175,44.76097199234737,0
616,2,1,58,13,88.73210995801587,23.11617628749699,0
617,2,1,88,14,95.26486776298235,10.730004798087851,0
618,2,1,71,21,2452.3476209211635,47.02033399044342,0
619,2,1,73,8,2670.5279560657555,81.68308037619528,0
620,1,3,55,24,2111.520379022809,29.880804678949378,0
621,1,1,96,14,1858.570376681649,12.317327755459878,0
622,1,1,103,25,1872.8955534964439,785.6718601427918,0
623,2,1,81,14,56.69364308298741,63.42310553415244,0
624,2,1,83,20,208.48953463530682,23.133689566032853,0
625,2,1,87,21,258.4171845792741,10.916212646197092,0
626,1,1,72,22,7.888292842079198,30.016357606891678,0
627,1,3,92,17,50.30904609521542,41.492144057968716,0
628,1,1,87,14,263.58936100457555,18.657579809497033,0
629,2,1,119,22,15.681336057472564,34.02896328857674,0
630,2,1,106,11,409.7009773901978,40.32360141494928,0
631,2,1,64,9,694.5750805733495,26.44275684529866,0
632,1,1,50,12,437.17553210968333,41.87688842819721,0
633,1,1,91,15,122.31557850263093,13.667099356650722,0
634,1,1,96,13,6.576606385152554,1975.8990078340817,0
635,2,1,110,10,6.272233814316899,22.316356662702344,0
636,2,1,113,14,8.276208465711505,17.95170646801748,0
637,2,1,103,25,6.964062386054231,22.023020379248027,0
638,2,1,111,15,150.0686807575944,61.10690869314445,0
639,1,3,102,22,65.34055814640867,162.84819812761134,0
640,1,1,89,16,12.369648721607847,38.68046722712563,0
641,1,1,115,17,10.41297281693034,56.684085269237926,0
642,2,1,101,9,98.10929024147491,53.2277950406171,0
643,2,1,74,9,882.5631264080339,30.596154995466645,0
644,2,1,75,12,297.43513457252516,45.10186735137884,0
645,2,1,93,10,410.3753710375698,38.86197968055637,0
646,1,3,88,13,415.0937146459639,35.43549585033122,0
647,1,1,86,11,562.2025229668077,149.83609566117332,0
648,1,1,85,15,669.6105375815382,758.2596315119383,0
649,2,1,86,21,566.4840046487176,41.66215136742555,0
650,2,1,68,22,985.3635327344252,43.26276608922661,0
651,2,1,61,19,3149.313680198102,10.586800302552374,0
652,1,1,94,17,2644.6624904059972,3.720260056215882,0
653,1,1,124,15,2580.0399925696624,61.91635245234591,0
654,1,3,116,13,2231.078221518062,82.62639824471073,0
655,2,1,118,13,2106.7138395856546,1076.2137922560598,0
656,2,1,117,11,3219.6683153289264,1.512476168537558,0
657,2,1,125,14,3061.2173239427184,0.4800125576082521,0
658,2,1,70,15,3015.379648380739,13.708167403298273,0
659,2,1,36,12,3033.992303762117,43.972229297677245,0
660,1,1,60,12,2515.29744760203,17.39699705979246,0
661,1,1,108,31,2069.592354927699,34.304634266383545,0
662,1,3,103,11,2079.527083073615,64.41992297736499,0
663,2,1,112,9,2212.193400950511,273.92800781480514,0
664,2,1,108,14,366.71393612584706,16.98647941140249,0
665,2,1,104,17,2944.924992700383,29.82086442742711,0
666,2,1,32,15,3059.192045547338,27.86737981429202,0
667,2,1,56,13,2920.3589239661924,11.024803062748099,0
668,1,1,55,16,2534.7322386208593,15.249746912462676,0
669,1,1,78,11,2231.6161379160762,11.953743754817712,0
670,1,3,98,16,2299.9438206502577,19.326043812177783,0
671,2,1,85,10,405.4589251634551,7.305718921922532,0
672,2,1,83,17,213.228144730185,18.504252051592964,0
673,2,1,73,11,28.563641221938795,1.5956211967753477,0
674,2,1,109,21,48.28877507449958,27.35855086589105,0
675,2,1,99,10,32.30243771165109,2.2451989467268336,0
676,1,1,78,13,29.347584933891834,27.013939050579637,0
677,1,1,96,10,12.683097708695827,20.437884341879823,0
678,1,3,103,15,12.512878325642365,39.98289384069047,0
679,2,1,121,7,10.048851452673585,15.864839200896636,0
680,2,1,106,15,24.97484417989365,18.922093307192483,0
681,2,1,110,25,127.6530426629345,17.620210888595626,0
682,2,1,91,12,47.80679150359679,38.85239642840379,0
683,2,1,94,9,513.3116093027608,11.217786167795701,0
684,1,1,54,17,19.218289738195853,12.17921029628193,0
685,1,1,105,19,12.240940689268367,12.020442276120816,0
686,1,3,90,16,16.78524149918896,59.89703991127394,0
687,2,1,106,9,23.379797820077336,24.267585927509916,0
688,2,1,109,8,331.6483800704383,1.7713121621790389,0
689,2,1,114,18,74.31869047161214,26.92198385699632,0
690,2,1,76,19,785.7806877399421,11.69705927707486,0
691,2,1,105,7,1051.271605549355,11.236141949076362,0
692,1,1,56,16,810.8003056052305,31.07149888738526,0
693,1,1,76,13,269.3955912858607,816.3440364813459,0
694,1,3,91,20,103.83411347298197,1811.731202106169,0
695,2,1,113,15,2372.1553484605597,21.536029608256516,0
696,2,1,113,14,2443.784939264087,1.6488352002715319,0
697,2,1,121,29,2594.9608403340985,75.41404271608928,0
698,2,1,90,26,3263.524130441985,20.580442099126596,0
699,1,1,102,13,2668.60051559196,20.989725662505705,0
700,1,1,121,14,2437.1560063094703,18.063329517771187,0
701,1,3,121,17,2601.9770611829044,813.008658399174,0
702,2,1,116,11,2722.7112802452043,1800.6910779157533,0
703,2,1,115,16,2584.4020532859868,7.009190489451612,0
704,2,1,86,13,2928.8125699075854,17.84853206159701,0
705,2,1,81,18,3318.7101378511256,2.9003109035009693,0
706,2,1,43,20,3162.78489233743,20.52842354288409,0
707,2,1,45,22,3052.937793046935,17.862464860325204,0
708,1,3,45,16,2823.1024337528283,1.9305192984150235,0
709,1,1,79,16,2510.994659889259,26.938370835467676,0
710,1,1,85,11,2508.4943496319265,75.57752759891613,0
711,2,1,97,11,22.164871127134962,18.533399786687525,0
712,2,1,72,14,13.279164631834918,1.9385936244362743,0
713,2,1,98,17,49.3630719257387,25.049456024814578,0
714,2,1,82,19,12.398456417271769,26.33007933600897,0
715,2,1,104,10,86.95170885488264,4.067119408568926,0
716,1,3,59,16,1649.4893803604575,41.53160501061574,0
717,1,1,92,13,1609.4881220394907,872.1075094089387,0
718,1,1,101,21,258.1175836663752,981.2816163676201,0
719,2,1,89,16,36.08492487758958,24.527119721056028,0
720,2,1,64,20,125.47693027268153,1.28713113462435,0
721,2,1,70,30,631.9367413558764,30.0036221673303,0
722,2,1,31,10,479.5067517686216,35.55160924115884,0
723,2,1,10,14,71.14912488456797,57.52961192246537,0
724,1,3,43,13,42.78605492522515,43.201566541618675,0
725,1,1,94,16,202.22621712339162,9.37219000446308,0
726,1,1,103,13,280.4738687262192,442.65674526382327,0
727,2,1,88,18,12.082017070125632,29.956241428918666,0
728,2,1,82,11,19.116037143758465,21.021049554949396,0
729,2,1,84,24,294.92380810138417,1.325637343736995,0
730,2,1,52,12,128.14717832051537,19.438574355013124,0
731,2,1,34,23,358.8454816611973,69.84596808932504,0
732,1,3,44,18,19.228386559399762,147.6406265998563,0
733,1,1,93,16,6.317113309065442,825.8325254308313,0
734,1,1,103,33,4.597572500110099,1006.21769295668,0
735,2,1,109,12,35.253854062236066,247.07067192477066,0
736,2,1,95,21,5.89540356770289,14.301673322682873,0
737,2,1,94,27,34.109886209126735,19.001400878692266,0
738,2,1,86,20,680.5314106086362,13.157972759723275,0
739,2,1,53,16,614.6845592234165,63.43218055985108,0
740,1,3,52,22,78.49028113524933,221.0240814565432,0
741,1,1,95,19,11.91420402719316,18.215331041625642,0
742,1,1,96,18,596.7851144785254,19.900081140827925,0
743,2,1,95,23,352.39918881276236,35.12086933347396,0
744,2,1,77,15,5.9507643936719425,2.061155892699909,0
745,2,1,85,23,29.34669193935287,5.375312669819719,0
746,2,1,75,28,641.5157028102924,26.102356497939823,0
747,2,1,58,14,632.1997314611061,140.69589173560374,0
748,1,3,65,19,32.4954397465639,3.2145127956822237,0
749,1,1,113,18,9.832605408560262,30.145826130852505,0
750,1,1,113,11,19.440377482109476,129.41505782393955,0
751,2,1,104,9,338.4665295219194,24.783679080760265,0
752,2,1,94,11,277.05547457137874,0.7202948159778693,0
753,2,1,105,12,297.85786066457086,19.3461622663846,0
754,2,1,83,14,878.603636696052,13.677072214183372,0
755,2,1,33,12,628.365161036318,53.56757743782177,0
756,1,3,59,15,20.065579532762467,1988.516607275958,0
757,1,1,97,28,12.927189593929926,8.01923335149398,0
758,1,1,92,21,12.621149959106733,346.0233007533482,0
759,2,1,114,11,10.610849709168045,113.38649136321327,0
760,2,1,116,10,77.0487776327673,118.83989064537943,0
761,2,1,89,8,112.33551302164327,188.63484900547311,0
762,2,1,55,11,732.0310308821086,175.64245430850596,0
763,1,3,108,18,26.813170591648745,2.157305756483973,1
764,1,1,115,15,31.632763077076294,21.64929035172331,0
765,1,1,95,16,288.82963873079746,12.386351025552027,0
766,2,1,111,12,400.26573649444424,563.657823222532,0
767,2,1,105,8,422.98112026275027,40.924976781800474,0
768,2,1,85,12,527.9975666562677,28.174477841596858,0
769,2,1,104,15,497.13382502802455,45.88713023117055,0
770,2,1,60,18,1296.0833877832424,30.47211574838101,0
771,2,1,29,17,939.08445692997,66.60482428459517,0
772,1,3,53,18,110.53878406677195,88.32879472233974,0
773,1,1,103,23,8.344298228748697,848.2870817419753,0
774,1,1,97,13,319.3020375746167,1811.2004379217242,0
775,2,1,97,11,561.2183923596671,59.83779695311506,0
776,2,1,75,16,1090.0664750195715,11.008105350232299,0
777,2,1,59,11,1145.1154155909724,11.265475225439342,0
778,2,1,64,16,1109.705123455013,24.161342217232104,0
779,2,1,53,8,1033.1399195241086,61.23507458453063,0
780,1,3,42,19,692.9474616201442,38.31675765303406,0
781,1,1,94,19,691.6397521820919,24.24003474338476,0
782,1,1,102,14,98.37891208089451,64.14463124177298,0
783,2,1,104,9,2287.6956505615794,24.30211470700261,0
784,2,1,91,16,1602.403049230602,25.239974908592753,0
785,2,1,54,19,623.8867249717259,22.157973569846476,0
786,2,1,53,9,608.021497182899,39.9112727047567,0
787,2,1,60,9,2730.687787123612,13.600769665044627,0
788,1,3,67,11,1146.545527560664,128.6188910557439,0
789,1,1,99,18,1970.0508710969423,788.2932863620044,0
790,1,1,106,15,1901.6006890396734,63.170465663893644,0
791,2,1,90,17,2030.9924398708981,33.62657041718298,0
792,2,1,73,15,178.8435023301319,5.52890669824141,0
793,2,1,73,21,389.79542741863577,27.20802217081544,0
794,2,1,39,11,85.69764238732857,18.263533317582706,0
795,2,1,69,9,22.210380366348062,18.13125994020012,0
796,1,3,64,12,14.80220831730344,40.76540917534645,0
797,1,1,105,27,10.530241386957877,227.94194584611355,0
798,1,1,94,9,5.328131229391393,51.00869598852626,0
799,2,1,114,16,12.396861128784986,65.46451209772667,0
800,2,1,112,15,8.285541322006912,21.423394141391654,0
801,2,1,125,18,6.62814065239677,20.74967629495702,0
802,2,1,107,9,559.9629716056919,102.7730248957156,0
803,1,3,89,23,21.472342634453078,97.59716969856464,0
804,1,1,122,17,6.874226745201821,12.83858259487177,0
805,1,1,93,17,12.146119445634154,47.76801903366968,0
806,2,1,106,14,33.18348924789968,184.57532868100702,0
807,2,1,103,13,87.53507710000862,29.06258998280816,0
808,2,1,68,17,311.8866729183852,12.456398372167223,0
809,2,1,82,9,1030.7219175382709,32.33276248585557,0
810,2,1,63,13,1264.508738670225,37.30465290190461,0
811,2,1,35,11,1204.9061731470629,11.21914634054184,0
812,1,3,56,18,666.1259443563745,1.5015602116952933,0
813,1,1,91,30,734.8394581600859,30.024463757841904,0
814,1,1,95,17,18.041437205129743,27.69359168600566,0
815,2,1,87,13,9.292011362912152,1654.6710823209924,0
816,2,1,95,16,11.212479865509454,7.152545643542074,0
817,2,1,88,19,89.05267429340479,35.87940823474233,0
818,2,1,87,12,42.11844085274211,36.245489091475434,0
819,2,1,106,9,316.07538411521176,11.267278786358768,0
820,1,3,62,22,346.04368540328625,4.017231323308871,0
821,1,1,98,23,2296.8636445782304,90.08135888776343,0
822,1,1,83,17,2321.922470750714,782.0982674201621,0
823,2,1,82,9,880.6695687199752,53.73512302085948,0
824,2,1,78,8,20.972452392110334,79.52974943574836,0
825,2,1,59,12,42.629416138631726,137.68534979598724,0
826,2,1,103,14,107.15481573088235,88.48556466217542,0
827,1,3,97,15,26.468519892469995,90.53192197616211,0
828,1,1,108,12,12.941219517600032,36.27329715445639,0
829,1,1,92,11,55.50009870625111,895.9791501340668,0
830,2,1,73,14,423.9177395989374,132.84150359901852,0
831,2,1,67,11,373.70068097657315,47.58855892803233,0
832,2,1,37,11,63.028251079404534,40.38246372923622,0
833,2,1,75,9,347.61110354951654,23.157798023699314,0
834,2,1,61,8,170.367845887483,49.320194457924906,0
835,2,1,84,11,186.15756644141632,20.950259361698045,0
836,1,3,73,16,392.1381208847184,16.677767251396418,0
837,1,1,91,12,1661.4069791835295,3.899687788501049,0
838,1,1,100,13,1717.840570953315,7.686759961695557,0
839,2,1,102,13,1830.7913510278063,33.33836954264992,0
840,2,1,98,13,558.0311035684787,6.656674886827018,0
841,2,1,79,22,1743.083823999292,4.5657044598626575,0
842,2,1,71,21,505.8497026611075,32.94002297203076,0
843,1,1,79,11,477.3860982186661,26.331153548027714,0
844,1,3,81,13,340.46804385729445,764.596649968804,0
845,1,1,84,13,1038.1276946135163,903.7556832547242,1
846,2,1,76,16,150.50666571620732,84.88038214527704,0
847,2,1,85,12,165.28187068662055,5.868999848650763,0
848,2,1,52,16,214.57165431056637,15.77685816091536,0
849,2,1,82,11,425.01027471153526,2.1125456761630264,0
850,2,1,61,20,532.5741502884598,26.84793042003589,0
851,2,1,7,14,767.6199707789326,22.999169673060322,0
852,1,3,52,12,1834.0198285594354,2.213971647962067,0
853,1,1,86,11,1698.6678623082785,445.7788978482948,0
854,1,1,92,8,1784.0503738691486,180.5769858732032,0
855,2,1,91,12,1690.8655480916186,97.58937555716938,0
856,2,1,78,11,160.0206831166298,20.261964473723634,0
857,2,1,86,19,40.68140172240032,11.483291477151258,0
858,2,1,75,19,323.548018735022,11.370901188125961,0
859,2,1,30,13,304.1783642587797,24.7322770885295,0
860,1,3,58,12,23.370853136043678,4.077118978624334,0
861,1,1,98,14,99.81230765536162,1944.348507934325,0
862,1,1,86,8,558.9865553310242,22.578428563252004,0
863,2,1,83,10,479.1517839517929,19.434334298526814,0
864,2,1,81,12,21.4358860284664,5.991460712256081,0
865,2,1,65,20,46.6764347158375,1.4167032310220613,0
866,2,1,88,22,263.9665196384547,42.30911365406783,0
867,2,1,64,13,112.65916380685022,32.219290432427684,0
868,1,3,53,16,26.33879856437997,3.164303250639951,0
869,1,1,88,13,15.896218637135663,21.51034872983138,0
870,1,1,95,12,9.356263357649189,2.370046173323879,0
871,2,1,108,9,19.40341827205719,16.7204105175827,0
872,2,1,108,10,19.161463673841443,1.0535136298156462,0
873,2,1,118,16,331.00847734192496,0.7974905400829205,0
874,2,1,100,16,956.136208370644,1.1150415200841473,0
875,1,1,96,19,107.24390746039853,40.1458675606126,0
876,1,3,103,15,30.82135490703454,122.61997185344934,0
877,1,1,107,13,10.212599617640345,221.31954888488326,0
878,2,1,114,15,673.619633514638,24.1932635594462,0
879,2,1,113,13,717.9210009987877,16.004241439529817,0
880,2,1,80,14,1073.6863433253127,1.5238741370942603,0
881,2,1,34,18,1005.0972450987546,2.723588125034633,0
882,1,1,88,16,659.948694178921,56.676731680690295,0
883,1,1,84,7,639.1451701982162,90.48680165764902,0
884,1,3,87,11,697.8440245132737,1001.4612194359096,0
885,2,1,74,10,3105.5881648146624,76.65358780515554,0
886,2,1,73,15,3079.7505780207152,6.1123354232892195,0
887,2,1,57,16,2517.576043624101,1.0407983478885272,0
888,1,1,54,15,3027.5239547631318,19.019406996735498,0
889,1,1,89,18,2370.991705078527,5.511992196826283,0
890,1,1,92,13,2245.639549754806,1855.9957229866293,0
891,2,1,111,10,2361.632191078851,20.71551849887917,0
892,2,1,75,9,2411.4473743163135,7.799648516940478,0
893,2,1,111,13,2974.7119032160904,17.435706719693076,0
894,2,1,95,12,3468.418855525058,1.4340225189622215,0
895,2,1,57,11,3486.484380264181,37.92778380630121,0
896,1,3,51,9,3087.271215699834,25.026919406774613,1
897,1,1,93,25,2527.3825512273024,17.38646102337632,0
898,1,1,91,22,2445.16609054753,168.14631925617508,0
899,2,1,88,22,2463.5649740982194,25.70962165479211,0
900,2,1,83,16,2563.247374694255,1.1879151031256927,0
901,2,1,100,20,23.99341719188118,46.39916724986552,0
902,2,1,106,8,88.80658787222687,110.34585327413555,0
903,1,3,91,25,50.26962883623709,35.069921145652046,0
904,1,1,100,23,9.878639030695124,61.68388963797677,0
905,1,1,107,15,9.160658849278391,34.73230552344923,0
906,2,1,96,10,19.762711613058208,98.93781458363601,0
907,2,1,87,10,23.001723753883578,84.44747006328514,0
908,2,1,63,12,285.4667605702771,87.47070876288977,0
909,2,1,57,10,739.6287298427358,157.7704372138077,0
910,1,3,86,22,83.81338928922253,109.5335111959466,0
911,1,1,104,14,489.6510504570236,841.3576229739559,0
912,1,1,91,24,359.6804849832034,899.2946914789003,0
913,2,1,97,27,170.24639925273055,34.0687565331988,0
914,2,1,92,13,1734.3681344128602,27.735017015930133,0
915,2,1,43,10,394.47658180631646,27.696810259289272,0
916,1,1,47,9,381.3377268062901,24.843325612479855,0
917,1,1,74,10,430.73104543589005,32.54897304060643,0
918,1,3,89,10,452.2100427895553,845.8589514830832,0
919,2,1,79,11,445.2374727003213,75.67084174438916,0
920,2,1,84,14,492.70181426898006,4.659608151024209,0
921,2,1,66,27,337.6909179591063,11.146382588009354,0
922,1,1,59,14,262.45326657441893,27.76640644127802,0
923,1,1,64,11,7.97801543046154,43.30474643026402,0
924,1,1,91,11,5.57120405526336,736.5449861116934,0
925,2,1,78,20,9.739267116210993,811.1646517506986,0
926,2,1,95,15,71.45638576497677,67.63078791535027,0
927,2,1,79,9,73.12180870957648,40.973604912714194,0
928,1,3,85,15,9.744230772717666,14.245641630161751,0
929,1,1,90,14,54.92415524935118,35.4458825592815,0
930,1,1,80,11,277.4695520044351,4.150545812220494,0
931,2,1,102,7,410.40984889755697,61.2024682760264,0
932,2,1,114,12,190.8979167321277,784.4352843275454,0
933,2,1,128,10,106.19265072650485,34.98953140490656,0
934,1,1,80,14,18.653693726799077,967.2543132845988,0
935,1,1,74,14,551.2531360459164,1272.209185897822,0
936,1,3,74,17,284.3503640187321,1017.9994976882166,0
937,2,1,96,14,319.2889575289219,1216.6169844391516,0
938,2,1,107,15,31.677630257074348,14.970329301248922,0
939,2,1,109,13,18.585027725677694,62.84082403286915,0
940,1,1,92,16,105.74038980901288,0.6149120540888927,0
941,1,1,87,21,70.39278426655827,8.591275248501809,0
942,1,1,88,24,467.607034923642,331.1946907291311,0
943,2,1,91,12,501.7951093210219,1662.0274895319892,0
944,2,1,87,16,498.1225418248815,266.95231306337473,0
945,2,1,74,29,1191.778626522046,83.71474741791482,0
946,2,1,38,13,1197.131893953885,105.68381263430658,0
947,2,1,54,12,1132.9674129768343,151.2378399660341,0
948,1,3,51,20,660.6337479294701,47.20452804365488,0
949,1,1,94,17,646.2530171967834,5.538696991255769,0
950,1,1,102,21,19.228223454143652,50.07649650759154,0
951,2,1,126,14,55.242959679917,71.46281334849526,0
952,2,1,118,18,1256.095340400722,16.741331747158302,0
953,2,1,78,19,1224.293190317548,0.6459757639208569,0
954,1,3,81,18,1078.0949002912662,31.37418463201332,0
955,1,1,95,9,2467.964784160548,6.299604731002187,0
956,1,1,98,14,2266.3034237327865,1641.5258040457302,0
957,2,1,106,27,2591.650874716318,16.792876419757935,0
958,2,1,114,11,2643.9253566455272,18.60096941386168,0
959,2,1,84,16,3282.3539449627738,11.540846353606089,0
